date,high,low,open,close,volume
2015-01-27,18.9400,18.9400,18.9400,18.9400,65400
2015-01-28,20.8300,20.8300,20.8300,20.8300,19100
2015-01-29,22.9100,22.9100,22.9100,22.9100,41300
2015-01-30,25.2000,25.2000,25.2000,25.2000,96800
2015-02-02,27.7200,27.7200,27.7200,27.7200,408100
2015-02-03,30.4900,30.4900,30.4900,30.4900,398600
2015-02-04,33.5400,33.5400,33.5400,33.5400,243850
2015-02-05,36.8900,36.8900,36.8900,36.8900,1051250
2015-02-06,38.0000,33.2000,38.0000,33.2000,9994196
2015-02-09,29.8800,29.8800,29.8800,29.8800,1017800
2015-02-10,29.5100,26.8900,26.8900,28.1200,24726065
2015-02-11,28.4000,27.0100,27.5600,27.7800,16377853
2015-02-12,27.9400,27.2200,27.7000,27.5000,9516667
2015-02-13,28.1500,27.6000,27.6100,27.8600,10130807
2015-02-16,27.9500,27.2600,27.9500,27.5900,7311528
2015-02-17,27.8800,27.3900,27.6600,27.4700,5534619
2015-02-25,27.5600,26.6900,27.5600,26.7600,5859889
2015-02-26,27.4900,26.7200,26.7600,27.2700,5142905
2015-02-27,27.3900,26.9200,27.3900,27.2800,4831303
2015-03-02,28.4600,27.1200,27.2800,28.3600,10459378
2015-03-03,28.0500,27.5100,28.0000,27.6000,7655619
2015-03-04,27.8300,27.2800,27.5600,27.7700,5018361
2015-03-05,27.8100,27.1500,27.7000,27.2600,5228607
2015-03-06,27.4100,26.8500,27.1700,26.9400,3794171
2015-03-09,27.3600,26.5200,26.8000,27.1800,4092248
2015-03-10,27.4600,27.0100,27.2000,27.2900,4237647
2015-03-11,27.6300,26.9100,27.5000,27.0700,4427114
2015-03-12,27.3000,26.7500,27.0500,27.1600,4593134
2015-03-13,29.8800,27.1300,27.1300,29.8800,17829898
2015-03-16,32.8700,31.6800,31.7500,32.8700,11625735
2015-03-17,36.1600,32.9000,36.0000,34.1700,18676863
2015-03-18,37.5900,33.0200,33.6500,36.9200,13938797
2015-03-19,36.0000,34.1100,35.9000,35.1600,11923105
2015-03-20,36.0000,33.9900,34.8000,34.6100,8179989
2015-03-23,35.1000,33.8500,34.5900,34.7000,8547441
2015-03-24,35.5000,33.5000,34.6600,34.9700,9149022
2015-03-25,36.0000,34.3000,35.3000,35.1900,7299224
2015-03-26,35.4800,33.8000,34.8600,34.6200,6230868
2015-03-27,35.4300,34.4100,34.4300,34.6800,4868008
2015-03-30,36.3000,34.2100,34.6800,35.2000,5554388
2015-03-31,34.9000,33.6500,34.9000,34.0600,7725121
2015-04-01,34.4700,33.8000,34.1400,34.3400,4909720
2015-04-02,37.7700,34.1700,34.2900,37.7700,13110224
2015-04-03,37.5000,36.5600,36.8100,37.3100,7515475
2015-04-07,38.7800,37.0000,37.0000,38.5300,10573363
2015-04-08,40.5600,38.0100,38.8000,40.5200,17235490
2015-04-09,40.0000,38.2600,40.0000,38.8800,9205721
2015-04-10,42.6700,38.3000,38.8900,41.0300,7205344
2015-04-13,42.1800,40.0000,40.9300,41.7000,5861569
2015-04-14,41.4500,39.5000,41.4500,39.9000,5462929
2015-04-15,39.0200,37.1100,39.0000,37.3600,5990472
2015-04-16,37.9000,34.8000,36.4900,36.7000,4797352
2015-04-17,40.1500,36.7000,36.7100,39.5800,7069251
2015-04-20,39.5000,37.7300,39.0000,37.7800,4794830
2015-04-21,40.6600,37.3000,37.3000,40.3900,5192763
2015-04-22,42.4500,40.5200,40.9900,40.6600,4613095
2015-04-23,41.5800,39.6200,40.5600,41.5000,3413140
2015-04-24,41.3500,39.5500,41.2000,39.8500,3188877
2015-04-27,40.4800,38.7000,39.8500,39.9900,3243849
2015-04-28,41.0800,39.1900,40.1000,39.4400,3028892
2015-04-29,39.8700,38.5300,39.0000,39.4600,2169997
2015-04-30,39.9500,38.0000,39.2000,38.0500,2841432
2015-05-04,38.5000,36.6100,38.0500,37.4300,2964842
2015-05-05,39.3300,37.4100,37.4100,37.6000,3011190
2015-05-06,38.2000,37.0600,37.6900,37.6300,2012810
2015-05-07,37.6100,36.0100,37.6100,36.4100,2092119
2015-05-08,38.8500,36.5400,37.2000,38.8100,3699794
2015-05-11,40.1800,38.1500,38.6800,40.1600,4079585
2015-05-12,44.0700,39.7500,40.3200,43.6800,6397775
2015-05-13,47.5000,42.3100,42.6100,45.3200,7663460
2015-05-14,47.1600,44.3000,44.8300,44.9300,4422781
2015-05-15,46.0800,42.4000,44.8900,45.0100,4225886
2015-05-18,49.5100,43.1100,43.9800,49.5100,4954647
2015-05-19,52.4800,47.7800,50.1000,49.4200,4740075
2015-05-20,51.2800,48.1200,49.3500,48.6500,3390210
2015-05-21,50.0000,47.9300,48.6400,49.0000,3100327
2015-05-22,50.2000,46.9800,49.7000,48.7800,4229149
2015-05-25,52.8000,47.5100,48.7000,51.6700,5050907
2015-05-26,56.7900,50.5000,51.7500,56.7200,4764091
2015-05-27,61.8000,55.0000,58.0000,61.4400,5672620
2015-05-28,67.4800,55.5000,62.2000,55.6300,8331274
2015-05-29,57.8000,50.5000,53.0100,53.7000,7110588
2015-06-01,55.4900,51.0000,53.4500,54.1500,5697418
2015-06-02,54.6000,51.6000,53.9800,53.1500,4986685
2015-06-03,54.5000,52.1000,53.1500,52.8400,4189584
2015-06-04,52.8800,47.5600,52.8800,50.0800,4927974
2015-06-05,52.0000,48.7000,51.1000,49.5400,5769567
2015-06-08,50.0100,47.3800,49.9900,47.9900,4577133
2015-06-09,49.6200,47.4000,48.0000,49.5900,3781811
2015-06-10,52.2000,49.2000,49.8000,52.0000,4884634
2015-06-11,53.8300,52.0000,52.0000,52.6100,4081374
2015-06-12,52.6100,50.8000,52.6100,51.0200,3942038
2015-06-15,50.8000,47.8300,50.7800,48.0000,3369221
2015-06-16,47.8000,45.1000,47.8000,45.6000,3024222
2015-06-17,47.7000,45.2200,45.7500,47.6300,2826621
2015-06-18,47.9700,44.1500,47.9700,44.4000,3053543
2015-06-19,46.0500,40.4900,44.0000,41.8700,3360799
2015-06-23,43.9900,39.7800,42.2000,43.6500,2895561
2015-06-24,44.5300,42.8000,43.8200,44.4900,3218776
2015-06-25,44.8000,43.1100,44.2500,43.5000,3832921
2015-06-26,42.4600,39.1500,42.2000,40.0000,3396676
2015-06-29,41.5000,36.0000,41.0900,36.7100,3067786
2015-06-30,40.3800,33.1000,36.6000,40.0600,3838901
2015-07-01,41.2500,37.7000,39.5000,37.9000,3337708
2015-07-02,39.1000,35.0000,38.4900,36.5300,2412879
2015-07-03,38.2000,33.2000,35.9900,35.5200,2603222
2015-07-06,39.0700,32.1100,39.0700,37.5900,5052453
2015-07-07,36.3000,33.8300,35.6300,33.8400,3455353
2015-07-08,33.1200,30.4600,30.4600,31.6500,11053870
2015-07-09,34.8200,31.6500,31.6600,34.8200,3249624
2015-07-10,38.3000,35.9000,35.9000,38.3000,3612469
2015-07-13,42.1300,39.7300,40.0000,42.1300,4605827
2015-07-14,46.3400,40.5000,42.1300,46.3400,6752927
2015-07-15,45.8800,41.7100,45.0000,41.7100,2596673
2015-07-16,44.0000,38.0700,41.7100,40.8600,3688392
2015-07-17,43.9700,40.8600,41.2000,43.1100,3077466
2015-07-20,42.9500,40.2900,42.7600,41.3700,4277720
2015-07-21,42.2000,39.9800,40.9000,41.2900,2497712
2015-07-22,42.8000,40.8000,41.0000,42.4300,2849187
2015-07-23,45.4200,41.6000,42.4300,44.5000,5045227
2015-07-24,44.9000,41.3700,44.6000,43.9200,5161115
2015-07-27,42.8000,39.5300,42.1500,39.5300,3416515
2015-07-28,40.4800,36.0000,38.2000,38.8200,3549635
2015-07-29,40.6100,37.0200,39.0000,40.4400,3474688
2015-07-30,41.4800,38.0000,39.0000,38.4300,3026351
2015-07-31,38.6900,37.6600,37.6600,38.1300,2451756
2015-08-03,39.0000,37.0000,37.5000,38.9000,5771600
2015-08-04,41.1700,38.8500,38.9400,41.0600,2743506
2015-08-05,41.6900,39.5500,40.7900,39.8100,2101698
2015-08-06,39.8100,38.6000,38.8900,38.8800,1066454
2015-08-07,40.3100,39.0800,39.0800,39.7300,1236715
2015-08-10,42.0000,40.2100,41.0000,41.7000,2526598
2015-08-11,45.3500,42.0100,43.0000,44.5100,5141750
2015-08-12,44.0000,41.8000,43.4500,41.8500,2926523
2015-08-13,43.5400,41.3700,41.3700,43.4800,1891311
2015-08-14,44.2000,42.0000,44.0000,42.3300,1886015
2015-08-17,42.9900,41.6100,42.3000,42.6800,1490588
2015-08-18,44.2500,38.8900,42.7100,39.1200,3152219
2015-08-19,41.8900,38.0000,38.2000,41.7500,2624543
2015-08-20,41.0800,39.2800,41.0000,39.4700,1347473
2015-08-21,39.9600,37.5500,38.8900,38.5300,1500009
2015-08-24,37.0000,34.6800,37.0000,34.6800,2283352
2015-08-25,33.9700,31.2100,32.0000,31.8500,2492329
2015-08-26,34.2100,32.0000,32.0000,32.7300,1584465
2015-08-27,34.1700,32.0500,33.5000,34.0800,1425559
2015-08-28,36.3000,34.0000,34.8000,35.8400,1906934
2015-08-31,35.3000,33.7600,35.3000,33.7900,916310
2015-09-01,34.0000,30.7900,34.0000,31.4000,1020973
2015-09-02,32.7500,29.6800,30.0100,30.7600,1107700
2015-09-07,33.5800,31.3000,31.3000,33.3400,1748411
2015-09-08,34.8800,32.7700,33.0000,34.8400,1037028
2015-09-09,36.1900,34.1000,34.8500,35.6300,1798522
2015-09-10,35.2900,34.1000,34.9900,34.1200,662999
2015-09-11,34.8500,33.1000,34.1200,33.4400,957491
2015-09-14,34.0000,30.6000,33.9900,31.2400,1036932
2015-09-15,31.2400,30.4900,31.2400,31.0900,1034955
2015-09-16,34.1000,31.0100,31.4400,33.8700,1225626
2015-09-17,33.8100,32.3000,33.5000,32.4100,1836373
2015-09-18,32.8800,31.9900,32.1800,32.2800,974582
2015-09-21,33.5000,31.1000,31.1300,33.4200,1400917
2015-09-22,33.5800,32.7900,33.3800,33.1100,840795
2015-09-23,33.0000,32.5000,33.0000,32.6500,692434
2015-09-24,33.3400,32.6600,32.9000,33.1100,722218
2015-09-25,33.8800,31.7500,33.1100,32.0000,1182539
2015-09-28,32.4500,31.3000,31.7000,32.0000,1249326
2015-09-29,33.3600,31.7100,31.9000,32.4700,1440573
2015-09-30,33.5600,32.0400,32.1000,33.4000,1298111
2015-10-08,35.3800,34.3100,34.3100,34.6900,1321120
2015-10-09,35.2000,34.3600,34.5200,34.9700,919745
2015-10-12,36.9900,34.9800,34.9800,36.4100,1773443
2015-10-13,37.2000,35.7800,35.8400,36.8500,1361616
2015-10-14,37.3900,35.9500,36.5100,36.1000,1467827
2015-10-15,36.7600,35.6600,35.6600,36.6900,1236131
2015-10-16,37.1400,36.0500,36.9000,36.7200,1161681
2015-10-19,38.1900,36.0100,36.7400,38.1700,1630784
2015-10-20,38.5700,37.6000,38.0800,37.9000,2352129
2015-10-21,38.5500,35.0000,38.2000,35.0200,2014106
2015-10-22,36.7000,34.8200,34.9900,36.1900,1725590
2015-10-23,39.8000,36.0100,36.0700,38.7000,2745064
2015-10-26,39.6800,38.0200,39.1000,38.7400,2455231
2015-10-27,39.0000,36.6800,38.0000,38.7900,1949286
2015-10-28,39.5500,37.7000,39.0100,38.1800,1806345
2015-10-29,38.9900,37.8400,38.3000,38.9400,1234085
2015-10-30,42.3000,39.9000,40.8000,41.1200,4206838
2015-11-02,40.6000,38.3100,38.3100,39.4600,3626284
2015-11-03,41.5000,38.7500,39.8200,41.1000,3080426
2015-11-04,44.5000,40.3200,40.9800,43.4200,3220342
2015-11-05,43.5000,41.8800,42.8900,42.3100,2830244
2015-11-06,43.8800,42.2800,42.2800,43.4600,2077689
2015-11-09,44.4000,41.9000,43.4600,42.8500,2689967
2015-11-10,43.8500,40.2500,42.5400,41.0900,9283388
2015-11-11,42.2200,40.3200,40.8000,41.8300,6781381
2015-11-12,45.6000,41.6100,41.8300,44.4400,8774823
2015-11-13,43.9500,40.5000,43.9500,41.4700,5382856
2015-11-16,41.5000,40.1100,40.4000,41.4000,3677027
2015-11-17,42.5000,40.3000,41.9400,40.4400,4311758
2015-11-18,40.9000,39.5100,40.6000,39.6000,3061622
2015-11-19,40.5500,39.5000,39.5000,40.4800,1886548
2015-11-20,40.6600,39.9000,40.4900,40.4400,2759385
2015-11-23,41.2600,39.9100,40.2900,40.5300,2632297
2015-11-24,42.0100,40.2000,40.5900,41.9800,3703719
2015-11-25,42.4600,41.3900,42.2000,41.9200,3331088
2015-11-26,42.2100,41.2100,42.0500,41.5000,2971888
2015-11-27,41.5300,37.3500,41.2800,37.5400,3385617
2015-11-30,38.7300,36.0800,37.7200,38.4800,2663366
2015-12-01,39.5800,38.2200,38.7700,39.1300,2074183
2015-12-02,39.3100,36.6600,39.3000,37.6700,2842491
2015-12-03,38.5000,37.5000,37.9500,38.3600,3243345
2015-12-04,38.6800,37.7300,38.2100,38.0700,2074813
2015-12-07,38.8500,37.7000,38.0000,38.5500,2195500
2015-12-08,38.5000,37.5100,38.5000,37.6500,1713875
2015-12-09,37.7200,36.6600,37.5500,36.9100,1787457
2015-12-10,37.1500,36.7100,37.0800,37.0000,1199800
2015-12-11,37.1500,36.6100,36.9900,36.9700,976214
2015-12-14,37.9900,36.7000,36.9500,37.9700,1070279
2015-12-15,38.3000,37.6200,37.6200,37.8700,1460685
2015-12-16,39.3700,37.8200,38.1400,38.6900,2336323
2015-12-17,39.5700,38.6800,38.7000,39.3000,2733905
2015-12-18,39.4800,38.0100,39.2000,38.4200,2218465
2015-12-21,39.8000,38.0600,38.3600,39.7000,3113344
2015-12-22,39.8000,38.9300,39.6500,39.3800,1596826
2015-12-23,39.6400,38.6100,39.5000,38.6900,2204793
2015-12-24,38.9700,37.8000,38.5700,38.3700,1388052
2015-12-25,39.2900,38.4000,38.4000,38.9400,1553680
2015-12-28,39.3700,38.0500,39.0200,38.1200,2257239
2015-12-29,40.9800,37.8000,37.8100,40.7500,5223843
2015-12-30,42.0800,40.1000,41.0000,40.5500,4230576
2015-12-31,42.4500,40.1500,40.2800,42.0600,5299895
2016-01-04,43.1600,38.0200,41.5000,38.2300,3280900
2016-01-05,42.0400,37.2000,38.2300,42.0100,6182230
2016-01-06,43.5600,41.2000,41.6300,43.1800,6102787
2016-01-07,42.1700,38.8600,42.0000,38.8600,1285900
2016-01-08,42.5900,36.9100,40.2300,41.9800,5083714
2016-01-11,43.4800,39.8000,41.0000,39.9300,5113589
2016-01-12,40.5500,35.9400,40.0900,35.9800,4960413
2016-01-13,36.4800,33.0100,36.0000,33.1300,3451011
2016-01-14,34.3400,31.0300,31.5000,33.7400,2871896
2016-01-15,33.6600,31.5000,33.6600,31.7500,2522783
2016-01-18,32.8000,31.0000,31.0000,32.1600,1612051
2016-01-19,33.5000,31.6000,32.1600,33.3500,2130995
2016-01-20,34.0700,32.8100,33.3400,33.3900,1637933
2016-01-21,33.3100,31.7000,32.5000,31.8300,1653556
2016-01-22,32.3900,30.8000,31.9200,31.7700,1852583
2016-01-25,32.3900,31.5000,31.8700,31.9400,1435627
2016-01-26,33.2000,30.0300,31.6000,30.2400,2328394
2016-01-27,32.8000,28.8200,30.2400,32.7300,2519268
2016-01-28,32.7400,31.7000,32.0800,31.7500,1525538
2016-01-29,32.8000,31.7000,31.8000,32.3400,1634644
2016-02-01,32.2800,31.0100,32.2800,31.1500,1319955
2016-02-02,32.2300,31.0500,31.0800,32.1100,1067103
2016-02-03,32.6800,31.3000,31.8000,32.2100,996745
2016-02-04,32.7000,32.3000,32.4000,32.6700,1284789
2016-02-05,33.0000,32.0200,33.0000,32.0600,848700
2016-02-15,32.3000,30.6100,31.4300,31.9000,881986
2016-02-16,33.7900,32.1100,32.1100,33.5000,1963057
2016-02-17,33.7000,32.7900,33.5000,33.5200,1283695
2016-02-18,34.9200,32.9900,33.5300,33.0300,2811014
2016-02-19,33.3800,32.6200,32.8400,33.2200,1190537
2016-02-22,34.0800,33.5000,33.5100,33.7900,1335049
2016-02-23,35.4700,33.9500,33.9900,35.4300,3157630
2016-02-24,35.7900,34.6800,35.1100,35.1900,1979979
2016-02-25,35.3500,32.7600,34.7000,33.3000,2197340
2016-02-26,36.3000,33.3000,33.5000,35.8900,2772057
2016-02-29,35.5500,33.3800,35.5500,33.9400,1902895
2016-03-01,35.2000,33.4100,34.0100,34.8500,1544827
2016-03-02,36.4500,34.1300,34.5900,36.2700,2556622
2016-03-03,36.6500,35.6000,36.0500,36.3100,1993514
2016-03-04,36.2100,34.5500,36.2100,35.0000,1318955
2016-03-07,35.8800,34.6400,35.2300,35.0100,1156612
2016-03-08,34.9900,33.4000,34.8300,34.2800,1949584
2016-03-09,34.0500,33.2100,33.5900,33.6500,737487
2016-03-10,33.9700,32.2300,33.3900,32.4600,1143806
2016-03-11,32.9900,32.0100,32.5500,32.8300,658103
2016-03-14,34.6800,33.1300,33.1300,34.3600,1125899
2016-03-15,34.3500,33.8800,34.2000,33.9200,912695
2016-03-16,34.7400,33.7600,34.3300,33.9500,701100
2016-03-17,35.0000,33.9500,34.2400,34.9900,1370456
2016-03-18,36.5000,34.9000,35.1200,36.4300,3053436
2016-03-21,38.3800,36.6000,36.6000,38.3300,6276214
2016-03-22,38.9600,37.1000,37.5000,37.9100,7609931
2016-03-23,37.8900,37.3500,37.8900,37.6700,3695893
2016-03-24,39.5700,37.2000,37.5000,37.8200,5257346
2016-03-25,38.3700,36.9600,37.7500,37.4400,2112117
2016-03-28,38.3800,37.0000,37.4500,37.2900,2020675
2016-03-29,37.4500,36.3600,37.1000,36.8400,1389407
2016-03-30,38.0000,36.9000,37.1000,37.9900,2450842
2016-03-31,38.6000,37.6000,38.3500,37.6500,1946108
2016-04-01,37.9000,37.0000,37.4700,37.5600,1397109
2016-04-05,38.3800,37.3800,37.5600,38.1800,2661483
2016-04-06,38.2300,37.6000,38.2300,37.8700,1958831
2016-04-07,38.4800,37.5000,38.0100,37.5300,3584601
2016-04-08,37.2000,36.6200,37.1900,37.0000,1730415
2016-04-11,38.1000,37.3300,37.3300,37.4900,2181700
2016-04-12,37.5900,36.6800,37.5900,36.9000,1633634
2016-04-13,37.6500,37.0500,37.0500,37.2100,2256701
2016-04-14,37.8800,37.2500,37.3300,37.7100,1786048
2016-04-15,38.2200,37.6800,37.8800,37.9800,2488205
2016-04-18,38.0000,37.0500,38.0000,37.8100,1693288
2016-04-19,37.9900,37.3000,37.7000,37.5200,1321845
2016-04-20,38.5500,36.0200,37.4700,38.0500,4079526
2016-04-21,38.2300,36.8700,37.8000,36.9500,2161115
2016-04-22,36.9900,36.0500,36.2700,36.7900,1240243
2016-04-25,36.8000,35.5400,36.7200,36.1500,1450832
2016-04-26,36.5600,36.0800,36.1600,36.5500,956618
2016-04-27,39.0500,37.0000,37.2500,37.8000,3343653
2016-04-28,38.4000,37.6000,37.8900,38.1300,2424641
2016-04-29,38.5700,37.5100,38.0100,38.4000,3233349
2016-05-03,39.3200,38.4000,38.4000,39.1900,6114077
2016-05-04,19.8800,19.0500,19.4800,19.6500,6353216
2016-05-05,19.4600,18.8000,19.2500,19.0200,12485145
2016-05-06,19.1100,17.7500,19.0200,17.8200,13058176
2016-05-09,18.1900,16.8600,17.4900,17.6300,7894521
2016-05-10,18.0800,17.4800,17.4800,17.6500,4489595
2016-05-11,17.9700,17.3600,17.8200,17.4100,4539945
2016-05-12,17.6000,16.6000,17.2700,17.4700,3226604
2016-05-13,17.8600,17.2200,17.4700,17.6900,3820523
2016-05-16,17.9300,17.4500,17.5400,17.8500,2339894
2016-05-17,17.9400,17.4800,17.7600,17.6600,3016760
2016-05-18,17.5600,16.8600,17.5000,16.9900,3809305
2016-05-19,17.7900,16.9200,16.9900,17.2900,3737905
2016-05-20,17.4800,17.0300,17.2200,17.4100,1821662
2016-05-23,17.9700,17.4100,17.4100,17.9100,3253532
2016-05-24,18.4300,17.5600,17.8800,18.1600,3779078
2016-05-25,18.2900,17.9800,18.2900,18.0800,2327537
2016-05-26,18.2800,17.5800,18.1400,18.2400,2275744
2016-05-27,18.2200,17.9400,18.2200,18.0500,1584275
2016-05-30,18.1900,17.8000,17.8000,18.0000,1565644
2016-05-31,19.0400,18.2000,18.2000,18.9200,5681830
2016-06-01,19.0700,18.7600,18.9200,18.7900,2397441
2016-06-02,18.9100,18.5600,18.6900,18.7500,2598369
2016-06-03,18.8600,18.6200,18.8300,18.7600,2375394
2016-06-06,18.9000,18.6000,18.8800,18.6500,1774573
2016-06-07,18.8600,18.4600,18.6500,18.8200,2494166
2016-06-08,18.8100,18.5000,18.7900,18.6200,2138510
2016-06-13,18.9900,18.2400,18.4400,18.3300,4254520
2016-06-14,18.2100,17.7000,18.0000,17.9000,3220169
2016-06-15,18.3300,17.7000,17.8800,18.2100,3533474
2016-06-16,18.2900,17.7000,18.0000,17.7900,3220510
2016-06-17,18.1000,17.5100,17.8500,17.6000,3339413
2016-06-20,17.7700,17.2100,17.6300,17.7300,2537862
2016-06-21,18.1100,17.6100,17.7700,17.7300,2463034
2016-06-22,17.8600,17.5100,17.7000,17.8300,1650731
2016-06-23,17.8400,17.3500,17.8000,17.5600,2734021
2016-06-24,17.6200,17.0100,17.5600,17.1000,3549367
2016-06-27,17.5600,17.0200,17.1000,17.4400,3254323
2016-06-28,17.4700,17.2000,17.4300,17.4300,4506549
2016-06-29,17.8700,17.4500,17.4500,17.7400,3928792
2016-06-30,17.8800,17.6100,17.7400,17.7000,2330248
2016-07-01,17.8300,17.3900,17.7000,17.5100,2950282
2016-07-04,17.7800,17.1800,17.3500,17.7500,3408718
2016-07-05,17.8700,17.6500,17.8600,17.7500,2891311
2016-07-06,17.9500,17.5500,17.7400,17.9300,3466925
2016-07-07,18.0800,17.5700,17.9300,17.6700,4515690
2016-07-08,17.7600,17.4800,17.6700,17.5700,2422680
2016-07-11,17.9400,17.5700,17.6200,17.7900,4289645
2016-07-12,18.6600,17.8000,17.8800,18.5800,7873748
2016-07-13,18.7900,18.2700,18.6500,18.4600,5201052
2016-07-14,18.7600,18.3000,18.4600,18.5700,4552026
2016-07-15,18.6500,18.1500,18.5000,18.3100,4125076
2016-07-18,18.4800,18.0100,18.3200,18.3500,2867519
2016-07-19,18.4300,18.1400,18.3500,18.4000,2276452
2016-07-20,19.0700,18.3700,18.4400,18.8300,6577662
2016-07-21,18.9500,18.6500,18.7500,18.6700,3116612
2016-07-22,18.7300,18.4600,18.6700,18.7100,2381112
2016-07-25,19.1400,18.6000,18.6700,18.9100,3264328
2016-07-26,18.9700,18.4800,18.8900,18.7300,4971033
2016-07-27,19.1100,18.3000,18.6900,18.4300,7408852
2016-07-28,19.4500,18.3100,18.3700,19.2400,9287191
2016-07-29,19.2900,18.8000,19.1200,18.9200,7569851
2016-08-01,18.9900,17.7100,18.9200,18.0200,6234746
2016-08-02,18.2500,17.8900,17.9500,18.2000,2116642
2016-08-03,18.2500,18.0200,18.1500,18.2500,1470484
2016-08-04,18.2700,18.0700,18.2700,18.1900,1977351
2016-08-05,18.4500,18.1100,18.2100,18.1900,2138507
2016-08-08,18.6400,18.0700,18.3600,18.5800,2566389
2016-08-09,18.6700,18.4700,18.5900,18.6000,2368365
2016-08-10,18.9700,18.4500,18.6300,18.8400,4395398
2016-08-11,18.8400,18.5100,18.7900,18.5300,1802616
2016-08-12,18.8000,18.4900,18.4900,18.6200,2139032
2016-08-15,18.9900,18.2000,18.4000,18.7900,7857551
2016-08-16,19.6700,18.7300,18.8500,19.4300,10467121
2016-08-17,19.3600,19.0600,19.3600,19.1800,8972605
2016-08-18,19.2200,19.0200,19.1100,19.1800,5318963
2016-08-19,19.3700,19.0600,19.1300,19.1800,4044403
2016-08-22,19.5500,19.1500,19.3000,19.3400,11171927
2016-08-23,20.3000,19.3500,19.3800,19.9600,14226331
2016-08-24,20.7000,19.6700,19.9100,20.6000,10863113
2016-08-25,20.6000,20.0100,20.4000,20.0300,9031816
2016-08-26,20.2300,19.8100,20.0500,20.0800,7067647
2016-08-29,20.1200,19.7000,20.1100,19.7200,5103438
2016-08-30,19.8300,19.3800,19.7200,19.5100,4626297
2016-08-31,19.8100,19.4000,19.4200,19.5500,3745965
2016-09-01,19.6500,19.2900,19.5800,19.3000,3582949
2016-09-02,19.1500,18.6100,19.0000,18.8300,6681891
2016-09-05,19.1000,18.6300,18.8400,19.0000,4124880
2016-09-06,19.2100,18.5300,18.9500,19.0900,5643643
2016-09-07,19.3700,18.9500,19.1000,19.1100,4297402
2016-09-08,19.1600,18.8300,19.1100,19.0000,2222205
2016-09-09,19.2300,18.8900,19.0200,19.1400,3222848
2016-09-12,18.8100,18.3700,18.8100,18.4500,4779336
2016-09-13,18.8000,18.4900,18.5000,18.6600,2262947
2016-09-14,18.8600,18.5500,18.6400,18.6500,2162568
2016-09-19,18.9600,18.6000,18.6300,18.9600,2125972
2016-09-20,19.0400,18.0000,19.0000,18.5800,2211916
2016-09-21,18.6400,18.2300,18.6400,18.5100,3330653
2016-09-22,18.6500,18.3200,18.5000,18.3600,2328000
2016-09-23,18.3800,18.1600,18.3700,18.1900,2149900
2016-09-26,18.1800,17.5000,18.1800,17.6200,3291719
2016-09-27,18.1500,17.5500,17.5500,18.0200,2638006
2016-09-28,18.0900,17.8100,18.0000,17.8600,1188361
2016-09-29,18.0900,17.8200,17.8600,17.9500,1230616
2016-09-30,18.1300,17.9100,17.9200,18.1100,1029900
2016-10-10,18.3600,18.1100,18.2800,18.3300,1512877
2016-10-11,18.4200,18.2000,18.3600,18.2900,1681331
2016-10-12,18.2800,18.1800,18.2800,18.2600,2327500
2016-10-13,18.4700,18.1600,18.2500,18.3400,1994121
2016-10-14,18.3400,18.1400,18.3400,18.2700,2125567
2016-10-17,18.4000,18.0900,18.2200,18.1700,2100416
2016-10-18,18.4500,18.1300,18.1700,18.3800,2001767
2016-10-19,18.5400,18.2900,18.4600,18.3400,1858055
2016-10-20,18.4700,18.3100,18.3200,18.4500,1555610
2016-10-21,18.4500,18.1000,18.4500,18.1900,2235439
2016-10-24,18.4600,17.9900,18.1800,18.3300,2538057
2016-10-25,18.7200,18.2800,18.3300,18.7100,3180601
2016-10-26,18.9700,18.5700,18.7100,18.8300,3381050
2016-10-27,18.9000,18.6000,18.9000,18.7200,1767329
2016-10-28,18.7500,18.4200,18.7500,18.4300,1601878
2016-10-31,18.5300,18.1300,18.4300,18.3800,2213096
2016-11-01,18.7000,18.3100,18.3800,18.6300,2282326
2016-11-02,18.7400,18.5400,18.6400,18.5900,1565923
2016-11-03,18.7500,18.5200,18.6400,18.6200,1684497
2016-11-04,18.7700,18.4500,18.5900,18.4900,2265900
2016-11-07,18.6600,18.4300,18.5200,18.6500,1412559
2016-11-08,18.8800,18.6600,18.7300,18.7200,2385299
2016-11-09,18.7400,18.3300,18.7200,18.4200,1991546
2016-11-10,18.6900,18.5000,18.5100,18.6500,2467089
2016-11-11,18.8000,18.5900,18.8000,18.7800,2166323
2016-11-14,18.9400,18.5700,18.7900,18.6600,2533028
2016-11-15,18.9700,18.6300,18.6300,18.8500,3044224
2016-11-16,19.1700,18.7900,18.9800,19.0600,4310514
2016-11-17,19.8200,18.9700,19.0600,19.5300,8529490
2016-11-18,19.6500,19.1700,19.5500,19.2300,5567269
2016-11-21,19.6500,19.1500,19.1500,19.6100,4615906
2016-11-22,19.9000,19.4600,19.6300,19.7900,4643914
2016-11-23,19.7800,19.3900,19.7800,19.5300,2878648
2016-11-24,19.6100,19.1700,19.5000,19.3300,4054929
2016-11-25,19.5800,19.1700,19.1700,19.5300,3249974
2016-11-28,19.6200,19.2100,19.5700,19.3600,1932393
2016-11-29,19.2800,18.9000,19.2800,19.0100,4009357
2016-11-30,19.1100,18.8000,18.8500,18.8900,1702578
2016-12-01,19.0000,18.6500,18.8800,18.8000,2308483
2016-12-02,18.8800,18.3100,18.8400,18.5600,2568233
2016-12-05,18.6500,18.1600,18.1600,18.5700,1859599
2016-12-06,18.6600,18.4500,18.5600,18.5000,1433268
2016-12-07,18.5700,18.3300,18.5000,18.5600,1681053
2016-12-08,18.5700,18.4000,18.5600,18.4600,1625167
2016-12-09,18.6400,18.4200,18.5400,18.4700,1750260
2016-12-12,18.4500,17.7000,18.4500,17.7200,4170803
2016-12-13,18.0900,17.6500,17.7000,17.9600,2319383
2016-12-14,18.0300,17.6600,17.9600,17.7500,1944847
2016-12-15,18.0400,17.7100,17.8000,18.0100,1672919
2016-12-16,18.3400,17.8100,18.0500,18.2800,2263413
2016-12-19,18.5600,18.1100,18.1800,18.4900,1681081
2016-12-20,18.5300,18.2200,18.4400,18.4500,1833173
2016-12-21,18.6000,18.1300,18.3400,18.3400,2258764
2016-12-22,18.4800,18.1600,18.4000,18.3600,1768005
2016-12-23,18.3200,17.9000,18.3200,18.0000,2149546
2016-12-26,18.0900,17.7600,17.9900,18.0600,1599012
2016-12-27,18.0800,17.8800,18.0500,17.9800,1665444
2016-12-28,18.0500,17.8500,18.0200,18.0100,1416087
2016-12-29,18.0400,17.8600,17.8900,17.9600,822440
2016-12-30,18.3700,17.9600,18.0200,18.2000,2124742
2017-01-03,18.3900,18.0800,18.3200,18.1300,1758398
2017-01-04,18.2500,18.0100,18.1300,18.2300,2585110
2017-01-05,18.2900,18.0900,18.1600,18.1800,2010974
2017-01-06,18.2100,17.8000,18.1300,17.8900,2153054
2017-01-09,18.0000,17.7200,17.7200,17.9300,1189729
2017-01-10,18.0000,17.8300,17.9300,17.9100,1194215
2017-01-11,18.0400,17.7700,17.9900,17.7900,883731
2017-01-12,18.9900,17.7200,17.8000,18.0500,4801152
2017-01-13,17.9100,17.3000,17.8100,17.3200,4915046
2017-01-16,17.3000,16.6300,17.3000,16.8800,2599876
2017-01-17,17.1000,16.7600,16.8800,16.9800,1652019
2017-01-18,17.1500,16.9200,17.0100,17.0200,1190500
2017-01-19,17.0700,16.9300,17.0400,17.0100,989300
2017-01-20,17.2600,17.0100,17.0900,17.1800,1011684
2017-01-23,17.5100,17.2000,17.2700,17.4500,1236377
2017-01-24,17.6500,17.3900,17.5000,17.4700,765092
2017-01-25,17.6000,17.3200,17.4500,17.5100,701072
2017-01-26,17.6400,17.4600,17.5100,17.5600,892459
2017-02-03,17.6700,17.4700,17.5100,17.5700,886549
2017-02-06,17.6800,17.3500,17.6000,17.5000,1858073
2017-02-07,17.5600,17.2100,17.5000,17.2900,1481752
2017-02-08,17.3600,17.1800,17.3000,17.3500,1033637
2017-02-09,17.6800,17.3000,17.3500,17.6300,1624507
2017-02-10,17.6700,17.5000,17.6000,17.5300,813417
2017-02-13,17.6600,17.4500,17.6000,17.6400,1750405
2017-02-14,17.7400,17.5000,17.6300,17.5700,1235953
2017-02-15,17.6500,17.4500,17.5700,17.4700,942758
2017-02-16,17.5400,17.3000,17.5000,17.3700,1237203
2017-02-17,17.5700,17.2700,17.3700,17.3000,1092636
2017-02-20,17.5600,17.2800,17.3000,17.5000,1654051
2017-02-21,17.7300,17.4500,17.5000,17.6200,1960988
2017-02-22,17.7400,17.5100,17.6200,17.7200,1735116
2017-02-23,17.7700,17.6000,17.6900,17.6700,1256700
2017-02-24,17.8500,17.6200,17.6200,17.7400,1326529
2017-02-27,17.9200,17.7300,17.7400,17.7900,1402962
2017-02-28,18.0600,17.7700,17.7900,17.9300,1414623
2017-03-01,17.9800,17.7700,17.9400,17.8300,1750167
2017-03-02,17.9000,17.5000,17.7900,17.6900,1672110
2017-03-03,17.8900,17.6000,17.7100,17.8700,1694907
2017-03-06,18.1000,17.8000,17.8400,18.0200,1538573
2017-03-07,18.2100,17.9500,18.0200,18.2000,1781768
2017-03-08,18.2400,17.9900,18.1800,18.0500,1497677
2017-03-09,18.0400,17.8200,17.9900,17.9200,912147
2017-03-10,18.0300,17.8200,17.9000,17.9500,786463
2017-03-13,18.1000,17.8000,17.9500,18.0500,897612
2017-03-14,18.0900,17.8400,18.0500,18.0500,1065974
2017-03-15,18.0900,17.8400,18.0000,18.0500,1148101
2017-03-16,18.2200,18.0100,18.1100,18.0800,2177400
2017-03-17,18.1200,17.7600,18.1200,17.7700,3427385
2017-03-20,18.0000,17.5600,17.7700,17.9400,2471962
2017-03-21,17.9400,17.6600,17.9400,17.8200,2243285
2017-03-22,17.9100,17.5600,17.8000,17.6100,3556269
2017-03-23,17.8300,17.6200,17.8000,17.7900,3517880
2017-03-24,18.1600,17.7000,17.7900,18.0200,4188383
2017-03-27,18.3200,17.8800,18.0000,18.2200,3186318
2017-03-28,18.3000,17.9300,18.2100,18.0800,2457961
2017-03-29,18.1200,17.7500,18.1000,17.7900,1786361
2017-03-30,17.9500,17.6000,17.7600,17.7500,2175749
2017-03-31,17.9500,17.6200,17.7600,17.8200,2145651
2017-04-05,17.8800,17.6500,17.7400,17.8500,2807306
2017-04-06,18.1500,17.4800,18.1500,17.8300,2081858
2017-04-07,17.8100,17.6100,17.8100,17.6800,2686791
2017-04-10,17.7700,17.5800,17.6800,17.6800,2089234
2017-04-11,17.7400,17.5200,17.6700,17.6800,1668482
2017-04-12,17.7600,17.5100,17.6800,17.5300,1217914
2017-04-13,17.6600,17.4300,17.5400,17.5300,1171512
2017-04-14,17.6200,17.3300,17.5400,17.3700,1564235
2017-04-17,17.4600,17.0500,17.3700,17.2500,1653889
2017-04-18,17.5000,17.0800,17.2400,17.3800,2037631
2017-04-19,17.3600,17.1100,17.3600,17.3100,1963200
2017-04-20,17.3500,17.1100,17.2500,17.2200,3426470
2017-04-21,17.4300,17.1700,17.2300,17.2200,1712510
2017-04-24,17.3200,17.1100,17.2700,17.3000,2048931
2017-04-25,17.3300,17.2300,17.3000,17.3100,1564954
2017-04-26,17.3400,17.2200,17.2500,17.3100,606934
2017-04-27,17.2400,17.0600,17.1200,17.1700,1327900
2017-04-28,17.5000,17.1800,17.1800,17.3800,1372593
2017-05-02,17.6000,17.3200,17.3500,17.5300,1608316
2017-05-03,17.5900,17.3600,17.5300,17.3700,910496
2017-05-04,17.5300,17.2000,17.4100,17.4500,1495827
2017-05-05,17.4300,17.2800,17.3700,17.3800,1063425
2017-05-08,17.3900,16.8900,17.3900,16.9000,971406
2017-05-09,17.0700,16.6700,16.9000,16.9400,1398131
2017-05-10,17.0700,16.8000,16.8000,16.8500,891499
2017-05-11,17.0200,16.6600,16.7000,16.9600,1154482
2017-05-12,16.9700,16.7500,16.9600,16.8500,1287732
2017-05-15,16.9500,16.7600,16.9300,16.8100,500862
2017-05-16,17.0700,16.7200,16.8000,17.0500,1761277
2017-05-17,17.0600,16.9200,17.0300,16.9600,2614068
2017-05-18,16.9900,16.8000,16.9000,16.8300,843145
2017-05-19,16.9900,16.6000,16.8300,16.7300,1429850
2017-05-22,16.8700,16.6600,16.7100,16.7800,1833869
2017-05-23,17.8300,16.7000,16.7800,17.0700,7512480
2017-05-24,17.0800,16.0100,17.0800,16.8500,4343624
2017-05-25,16.8900,16.6200,16.8000,16.7400,2124195
2017-05-26,16.9000,16.6000,16.6000,16.8700,1520300
2017-05-31,17.0800,16.6300,16.9500,16.6900,2061361
2017-06-01,16.7500,16.2200,16.6900,16.2700,1553190
2017-06-02,16.5800,15.7000,16.3000,16.2300,6532825
2017-06-05,16.2400,16.0300,16.2000,16.2100,1743242
2017-06-06,16.4200,16.1200,16.2400,16.3600,2286779
2017-06-07,16.7000,16.3000,16.3600,16.4400,2888568
2017-06-08,16.4400,16.1400,16.4000,16.2700,2807415
2017-06-09,16.8800,16.2500,16.3000,16.8000,5097462
2017-06-12,16.9700,16.6500,16.7600,16.7900,3181967
2017-06-13,16.9000,16.6600,16.6600,16.8500,1698171
2017-06-14,16.9700,16.7000,16.8500,16.8100,2201000
2017-06-15,17.0000,16.7300,16.8000,16.9400,1978724
2017-06-16,17.3400,16.8300,16.9100,17.0800,3370333
2017-06-19,17.3700,17.0800,17.0900,17.2200,2574136
2017-06-20,17.3100,17.0800,17.2800,17.2300,2688607
2017-06-21,17.4500,17.1800,17.2200,17.3300,1673285
2017-06-22,17.5000,17.2600,17.3400,17.3100,1756471
2017-06-23,17.4900,17.0900,17.3000,17.4700,1904920
2017-06-26,17.6000,17.1000,17.4700,17.5100,4059129
2017-06-27,17.6500,17.4000,17.4500,17.5300,1733750
2017-06-28,17.5400,17.3200,17.5000,17.5200,914407
2017-06-29,17.5700,17.3100,17.4500,17.5100,1749147
2017-06-30,17.5000,17.3400,17.4000,17.4000,837500
2017-07-03,18.0000,17.4400,17.4400,17.7400,2213408
2017-07-04,18.0000,17.6000,17.7200,17.6600,1460775
2017-07-05,17.8900,17.4300,17.5900,17.7700,1575826
2017-07-06,17.8000,17.6300,17.8000,17.7400,769900
2017-07-07,17.7700,17.6000,17.7000,17.7500,1041275
2017-07-10,17.6700,17.5000,17.6700,17.5700,934832
2017-07-11,17.6500,17.2100,17.6400,17.3900,2460897
2017-07-12,17.4100,17.1700,17.3200,17.3900,982071
2017-07-13,17.5800,17.4000,17.4300,17.5000,757471
2017-07-14,17.5500,17.3600,17.3900,17.5000,676720
2017-07-17,17.5500,16.9600,17.5500,17.1200,1687978
2017-07-18,17.1900,16.8800,17.0800,17.0600,1134273
2017-07-19,17.1500,16.6000,16.8700,17.0100,2261900
2017-07-20,17.3000,16.8800,17.0000,17.1000,1652340
2017-07-21,17.2100,17.0100,17.0100,17.1000,499200
2017-07-24,17.6300,16.9300,17.0000,17.5100,2401981
2017-07-25,17.5900,17.1800,17.3800,17.2900,1054933
2017-07-26,17.4500,17.2400,17.2400,17.3600,950479
2017-07-27,17.4000,16.9800,17.3300,17.0900,3823133
2017-07-28,17.2800,16.9800,17.0100,17.2300,1713742
2017-07-31,17.3900,17.1400,17.2900,17.2200,719000
2017-08-01,17.7800,17.1600,17.2500,17.5900,2926746
2017-08-02,17.8900,17.6200,17.7000,17.8300,3030749
2017-08-03,18.0000,17.6700,17.8000,17.8800,3526918
2017-08-04,17.8900,17.6500,17.8100,17.8700,1550600
2017-08-07,17.8500,17.5900,17.8300,17.7500,1267700
2017-08-08,17.8200,17.4500,17.6500,17.7600,2204400
2017-08-09,17.7400,17.1100,17.7400,17.4100,2958864
2017-08-10,17.3900,17.0500,17.3100,17.2400,2581090
2017-08-11,17.2500,16.9100,17.1700,16.9600,1574573
2017-08-14,17.3000,17.0000,17.0000,17.2200,1231029
2017-08-15,17.2900,17.1300,17.2200,17.2200,795343
2017-08-16,17.6800,17.1200,17.3000,17.6400,1879839
2017-08-17,18.2500,17.7000,18.2200,17.9500,3604217
2017-08-18,18.1700,17.7500,17.9800,17.8000,2055610
2017-08-21,18.8900,17.8000,17.8000,18.4200,3829160
2017-08-22,18.4600,18.0200,18.3900,18.2600,2056700
2017-08-23,18.5500,18.1200,18.3200,18.2800,1967500
2017-08-24,18.5600,17.8900,18.2600,18.2300,2614652
2017-08-25,18.4300,18.0300,18.1000,18.3100,1879798
2017-08-28,18.4700,18.1000,18.3100,18.3000,2071815
2017-08-29,18.4600,18.1600,18.3000,18.2300,2103788
2017-08-30,18.2400,17.9200,18.2100,18.0100,2027254
2017-08-31,18.1600,18.0000,18.1000,18.0700,1426215
2017-09-01,18.4900,18.0200,18.2000,18.4000,3507384
2017-09-04,18.6000,18.3400,18.3700,18.5800,3009351
2017-09-05,18.6500,18.3100,18.6500,18.5600,2099544
2017-09-06,18.7200,18.3800,18.4400,18.4100,2240039
2017-09-07,18.4500,18.2500,18.3900,18.2800,1653526
2017-09-08,18.4700,18.2100,18.2800,18.4400,1082229
2017-09-11,18.5900,18.2200,18.3500,18.4900,1473802
2017-09-12,18.5700,18.3200,18.5000,18.3600,1430541
2017-09-13,18.4600,18.1800,18.4600,18.3400,1162347
2017-09-14,18.8900,18.3300,18.4500,18.8800,4943417
2017-09-15,19.1600,18.6500,18.9000,18.9900,3067437
2017-09-18,19.5500,18.8100,18.9900,19.3500,4978099
2017-09-19,19.5200,19.2100,19.3500,19.4000,4137400
2017-09-20,19.6600,19.2000,19.3500,19.3500,3675821
2017-09-21,19.7500,19.2000,19.3000,19.5200,3341477
2017-09-22,19.6500,19.1000,19.4000,19.4500,1961945
2017-09-25,19.5900,19.1300,19.2200,19.5200,1812693
2017-09-26,19.9500,19.2800,19.3100,19.8800,2820708
2017-09-27,20.0800,19.5800,19.8800,19.7400,3207524
2017-09-28,20.3900,19.4500,19.6300,20.0200,3073074
2017-09-29,21.2200,19.9600,20.0500,20.8200,5372844
2017-10-09,21.9800,20.2500,21.0300,21.3700,6150182
2017-10-10,21.4500,20.7200,21.0600,21.4100,4633733
2017-10-11,22.6700,21.2100,21.2800,22.2100,6176101
2017-10-12,22.6400,21.4000,22.1000,21.8000,5168968
2017-10-13,21.7800,21.3000,21.5500,21.5100,3447400
2017-10-16,21.9700,21.2600,21.3800,21.4000,2939336
2017-10-17,21.8200,21.2400,21.5000,21.7500,1994192
2017-10-18,22.0000,21.4100,21.7500,21.9700,2000182
2017-10-19,22.3500,20.7600,21.7600,20.8300,3632231
2017-10-20,21.3600,20.6000,20.9000,21.2100,2191057
2017-10-23,22.1800,21.0600,21.1700,21.7900,2854165
2017-10-24,23.9700,22.2000,22.2000,23.0200,9998016
2017-10-25,23.9000,22.7300,23.4100,23.5800,5003410
2017-10-26,23.8000,23.0800,23.3500,23.2800,3825164
2017-10-27,23.6200,22.9000,23.2200,23.0400,2673442
2017-10-30,23.7400,22.3800,23.5000,23.0800,4484998
2017-10-31,23.6400,22.7600,23.2800,23.1800,2590231
2017-11-01,23.2800,22.6100,23.1000,23.0000,2932660
2017-11-02,23.8300,22.6300,22.9700,23.8200,4018509
2017-11-03,24.5000,23.0200,23.7900,23.4000,4901292
2017-11-06,24.0500,22.7300,23.3800,24.0100,4032337
2017-11-07,24.3000,23.5100,23.9000,23.9800,3901476
2017-11-08,24.9500,23.9200,24.1900,24.0800,4175175
2017-11-09,23.9800,23.3100,23.9000,23.8400,2960451
2017-11-10,24.1300,23.4400,23.8000,24.0700,2902900
2017-11-13,24.1400,23.7300,24.0900,23.9800,3189927
2017-11-14,23.9800,22.8500,23.8200,22.9900,6063769
2017-11-15,23.1800,21.9000,22.8100,22.5100,4708994
2017-11-16,23.1200,22.4600,22.5100,22.9900,4764381
2017-11-17,23.1800,22.4300,23.0900,22.6400,5603824
2017-11-20,23.1500,22.1300,22.4100,23.0600,5222732
2017-11-21,24.5100,22.9300,23.1500,24.4500,5106065
2017-11-22,24.6000,23.5000,24.3000,23.5300,3360735
2017-11-23,23.7800,22.3800,23.6000,22.5600,4181084
2017-11-24,22.8200,22.1100,22.5400,22.4200,1686864
2017-11-27,22.6100,21.7000,22.2600,21.8500,3616402
2017-11-28,22.4900,21.7600,21.7600,22.4900,1137042
2017-11-29,22.6700,22.1600,22.4900,22.5400,1771560
2017-11-30,22.8800,22.3100,22.4000,22.3700,1294362
2017-12-01,23.2000,22.1600,22.1600,22.8100,2251691
2017-12-04,23.4000,22.5500,22.8200,23.3500,2932102
2017-12-05,23.3500,22.0200,23.3500,22.7400,2086972
2017-12-06,23.3600,22.3600,22.7400,23.3500,1421796
2017-12-07,23.6000,23.0000,23.1800,23.0700,1948465
2017-12-08,23.5400,22.6200,22.8800,23.0200,1714521
2017-12-11,24.1000,23.0300,23.0300,24.0500,3602045
2017-12-12,24.8800,23.8200,24.0500,24.3000,4008295
2017-12-13,25.1000,23.8900,24.0000,25.0600,3173558
2017-12-14,25.4700,24.8000,24.9000,25.2500,2443195
2017-12-15,25.3600,24.5800,25.3300,24.7400,1470765
2017-12-18,25.1500,24.4900,24.8000,24.7700,1833057
2017-12-19,25.0900,24.1900,24.5100,24.7400,2030724
2017-12-20,25.0600,24.5000,24.7600,24.5200,1991011
2017-12-21,25.5800,24.3700,24.5000,25.3400,3232745
2017-12-22,25.5500,24.6600,25.5500,24.8800,2499530
2017-12-25,24.8400,24.0700,24.6600,24.4600,2681675
2017-12-26,24.7500,23.2300,24.2300,24.4100,4068393
2017-12-27,24.2300,23.3300,24.2100,24.0300,4145022
2017-12-28,24.0100,23.3300,23.8600,23.9700,3190060
2017-12-29,24.7000,23.5900,23.8700,24.6600,4170379
2018-01-02,25.2000,23.9000,24.6000,24.8400,3475201
2018-01-03,24.8000,24.2200,24.6100,24.4300,3967414
2018-01-04,24.5000,24.0100,24.3100,24.2000,2850880
2018-01-05,25.3300,23.9800,24.0500,24.9000,4791433
2018-01-08,26.2900,24.9100,24.9600,25.1100,7699354
2018-01-09,25.7500,24.5400,25.1700,24.9800,3965407
2018-01-10,25.3200,24.6000,24.8900,25.2900,3036151
2018-01-11,26.2000,25.1000,25.2700,25.7600,4455882
2018-01-12,25.9000,25.3300,25.5400,25.5000,1711514
2018-01-15,25.7900,24.5000,25.6000,25.0200,4007364
2018-01-16,24.7900,24.0000,24.6200,24.6200,2969949
2018-01-17,24.7600,23.9900,24.5800,24.3600,3886038
2018-01-18,24.7000,24.0500,24.2200,24.5700,2637229
2018-01-19,24.8100,23.3500,24.6900,23.4600,3797200
2018-01-22,24.5400,22.5000,23.1000,24.4900,6632335
2018-01-23,25.2200,24.1700,24.4700,24.4000,3362027
2018-01-24,25.4700,24.4000,24.4000,25.3500,3533684
2018-01-25,25.8900,24.8500,25.4200,25.0600,3663903
2018-01-26,26.0000,24.6200,25.0000,25.0100,3849205
2018-01-29,25.6200,24.2600,24.8400,25.0200,2841446
2018-01-30,25.4800,24.7400,25.4800,25.4300,2416851
2018-01-31,25.3800,24.7000,25.3800,25.2600,2746256
2018-02-01,25.2800,24.3000,24.8800,24.6200,1793447
2018-02-02,25.5100,24.3000,24.5800,25.3500,1836549
2018-02-05,25.8200,24.7200,25.2000,25.3500,2909954
2018-02-06,24.8800,23.6100,24.6200,24.0600,3603942
2018-02-07,24.5800,22.7200,24.1000,23.3000,3227914
2018-02-08,24.2000,23.0000,23.3000,24.0400,2234962
2018-02-09,23.6400,22.3300,23.6400,23.0100,3207837
2018-02-12,23.5500,22.6000,23.0000,23.2500,2737084
2018-02-13,24.1700,23.1500,23.1500,23.6600,2281510
2018-02-14,24.8900,23.6700,23.6800,24.4400,1865658
2018-02-22,25.2400,24.4400,24.4500,24.7900,1370033
2018-02-23,25.0000,24.5100,24.8000,24.8000,1186500
2018-02-26,25.5000,24.7600,24.8300,25.4400,2085694
2018-02-27,25.8500,24.9100,25.4300,25.6000,2102986
2018-02-28,27.9900,24.9100,25.0900,27.9400,4403092
2018-03-01,28.7400,27.3600,27.4000,28.4000,5868838
2018-03-02,28.5800,27.6100,28.3300,28.0900,2639727
2018-03-05,28.3000,27.3700,28.3000,27.8300,2179448
2018-03-06,28.9800,27.3500,27.5600,28.7100,2998758
2018-03-07,28.7000,28.0300,28.6900,28.2400,1729203
2018-03-08,28.2000,27.6000,28.1500,28.1000,1510388
2018-03-09,28.6800,27.9300,27.9900,28.4600,1563475
2018-03-12,29.3200,28.1700,28.3800,28.8900,3759695
2018-03-13,29.1000,28.3000,28.9200,28.4700,2271977
2018-03-14,28.3700,27.8000,28.2800,28.1900,1645095
2018-03-15,28.6700,27.8200,28.1000,28.3700,1635339
2018-03-16,28.4000,27.3800,28.4000,27.8100,2311030
2018-03-19,27.8600,27.2000,27.8300,27.7300,2211291
2018-03-20,30.0000,27.2300,27.5000,29.4400,4327292
2018-03-21,29.6600,28.6200,29.6600,28.7200,2421625
2018-03-22,28.7000,27.8600,28.3300,27.8900,2468457
2018-03-23,27.7000,25.8800,27.1000,26.9500,2951422
2018-03-26,28.4500,26.5500,26.7000,27.8100,2485699
2018-03-27,29.6000,28.0900,28.0900,28.9300,4241969
2018-03-28,30.3000,28.5000,28.5000,29.9700,5103550
2018-03-29,30.3700,28.9200,29.8100,29.7900,2775177
2018-03-30,31.2500,29.5000,30.2500,30.7100,2364387
2018-04-02,32.0800,30.0200,30.7000,30.7200,2121946
2018-04-03,31.4800,30.0000,30.0500,30.7900,2285968
2018-04-04,31.0500,29.4000,30.4400,30.1800,3431446
2018-04-09,31.8000,29.7000,30.2300,29.9600,3025733
2018-04-10,31.4900,30.0000,30.7000,31.4500,3977632
2018-04-11,31.9900,30.6400,31.8800,31.0700,4406902
2018-04-12,31.1400,30.3500,30.9700,30.6500,1619542
2018-04-13,31.2600,30.2600,30.6900,30.3100,1503519
2018-04-16,30.8900,29.8800,30.1000,30.4700,1783646
2018-04-17,30.7500,28.8600,30.7500,28.9900,3137929
2018-04-18,30.5000,28.9500,28.9900,30.4200,3505092
2018-04-19,30.8500,29.4600,30.2700,29.8300,2544388
2018-04-20,30.5500,29.1800,29.7900,29.9900,2737532
2018-04-23,29.5500,26.9900,29.5500,27.8300,12375555
2018-04-24,28.9800,27.6100,27.8200,28.7900,3872060
2018-04-25,29.7800,28.4100,28.5000,29.7200,4034526
2018-04-26,29.8000,28.2800,29.3300,29.7000,3947564
2018-04-27,29.5700,28.5100,29.5700,29.0500,3695792
2018-05-02,30.7100,28.7000,28.7300,30.4100,4875083
2018-05-03,30.4000,29.5100,30.4000,29.9800,2743022
2018-05-04,30.6400,29.1100,29.6600,29.7900,2769833
2018-05-07,29.9900,29.1500,29.7900,29.5400,2411957
2018-05-08,30.3900,29.2800,29.5200,30.1600,3325660
2018-05-09,30.3800,29.5800,30.0000,29.9300,2759754
2018-05-10,30.0700,29.3400,29.9000,29.9400,1847941
2018-05-11,30.2300,29.1000,29.9300,29.6100,2090728
2018-05-14,30.1300,29.1200,29.3100,29.9000,1825568
2018-05-15,31.4000,29.8600,30.1900,31.1300,3092195
2018-05-16,31.6600,30.8900,31.0500,31.0400,2056502
2018-05-17,31.4600,30.7100,30.9900,31.2600,1663765
2018-05-18,32.0000,31.1200,31.3200,31.5600,2418179
2018-05-21,32.1600,31.3000,31.8600,32.0000,2022130
2018-05-22,32.0100,31.4600,32.0100,31.7900,1633927
2018-05-23,31.8000,31.1100,31.8000,31.5800,1863626
2018-05-24,31.8500,31.2200,31.5800,31.4300,905936
2018-05-25,32.3400,31.3600,31.6900,32.3000,1878840
2018-05-28,32.4800,31.0000,32.4800,31.1600,4044461
2018-05-29,32.0300,30.5000,30.5000,31.8100,4019166
2018-05-30,32.0000,30.5200,31.0000,30.8800,2762707
2018-05-31,32.3000,30.7000,30.9400,32.2300,3881901
2018-06-01,32.8300,31.2600,32.2000,31.4300,2632665
2018-06-04,31.8900,30.9000,31.2900,31.5900,2633327
2018-06-05,32.9900,31.3700,31.6500,32.7100,4106258
2018-06-06,34.3400,32.4000,32.6900,33.6200,4399991
2018-06-07,33.9500,33.0000,33.8900,33.6000,1763392
2018-06-08,34.3400,32.7200,33.5300,33.1800,2008896
2018-06-11,33.4900,32.0900,33.2800,32.5800,2761250
2018-06-12,32.8500,31.8800,32.8100,32.7900,3739591
2018-06-13,33.2500,32.2100,32.8100,32.7300,1730652
2018-06-14,32.8000,31.9800,32.7300,32.3100,1625808
2018-06-15,32.5000,30.6600,32.5000,31.4500,2791473
2018-06-19,31.4500,29.6000,31.0100,30.7300,2850458
2018-06-20,32.2000,30.2800,30.2800,31.6900,2259513
2018-06-21,32.1700,31.2000,31.6300,31.2500,1788573
2018-06-22,31.9900,30.5100,30.7000,31.6600,2102691
2018-06-25,32.2500,31.2000,31.8900,32.2300,2226577
2018-06-26,32.7500,31.6000,31.7100,32.2900,1825808
2018-06-27,32.4000,30.8800,32.1000,31.2300,2049151
2018-06-28,31.3700,29.5200,31.0000,30.4500,3650340
2018-06-29,31.9500,30.0500,30.5000,31.6900,2683272
2018-07-02,32.5700,31.1000,31.7900,31.3900,1756283
2018-07-03,32.0500,29.3000,31.6500,30.8200,2847444
2018-07-04,31.2100,30.3300,30.7800,30.4100,1611670
2018-07-05,30.8900,27.4100,30.8900,27.6100,5567115
2018-07-06,28.8000,26.8100,27.5500,28.0200,3973497
2018-07-09,29.0600,28.1000,28.1800,29.0500,2284768
2018-07-10,30.5000,29.0600,29.2000,30.3000,3036294
2018-07-11,30.5000,28.7100,29.6100,29.8500,3109929
2018-07-12,31.4800,29.4200,29.4200,30.9700,2978320
2018-07-13,32.1900,30.7000,31.4900,31.1700,2888396
2018-07-16,31.7700,30.7000,31.3900,31.1000,2153047
2018-07-17,31.3000,29.9300,31.3000,30.7800,2899853
2018-07-18,31.9000,31.0300,31.4300,31.3800,1566189
2018-07-19,31.7500,29.6600,31.3700,30.1200,2913026
2018-07-20,31.0300,29.9000,30.2600,31.0000,2199653
2018-07-23,31.3400,29.7100,31.0000,30.2900,2705993
2018-07-24,31.8000,30.3500,30.7000,31.2600,3022241
2018-07-25,31.2900,30.3600,31.2600,30.6200,2419393
2018-07-26,30.7000,30.0500,30.7000,30.2700,1614427
2018-07-27,30.4600,29.6600,30.4600,29.8300,1602569
2018-07-30,30.0900,29.0800,29.8300,29.8700,1829264
2018-07-31,29.8000,28.8000,29.8000,29.2900,1909829
2018-08-01,29.8500,28.7600,29.5000,28.8500,1442836
2018-08-02,28.9500,27.4200,28.9500,28.2600,2513794
2018-08-03,28.3800,27.2200,28.2000,27.8300,2921009
2018-08-06,27.6500,25.6000,27.6000,26.0500,4002616
2018-08-07,27.7700,25.7500,25.7500,27.5500,2651942
2018-08-08,28.4700,26.7000,27.5500,26.8200,2394913
2018-08-09,28.7100,26.5900,26.5900,28.4500,2625350
2018-08-10,28.8800,28.0500,28.5000,28.7800,1924996
2018-08-13,29.6900,28.5100,28.9800,29.4100,2429406
2018-08-14,29.7700,28.5000,29.3600,29.1700,2794293
2018-08-15,29.6000,28.5000,29.1700,28.8100,2678382
2018-08-16,29.4000,27.6000,28.0000,29.0700,2629870
2018-08-17,29.0000,26.6800,29.0000,27.9200,4141179
2018-08-20,29.9500,27.6400,27.8000,29.3400,5866901
2018-08-21,30.1400,29.2000,29.9900,29.8300,3586031
2018-08-22,30.0000,29.4200,29.4200,29.8300,1754014
2018-08-23,30.0000,29.2100,29.8200,29.6200,1300389
2018-08-24,31.2800,28.9600,29.3300,30.7700,2640015
2018-08-27,31.2400,30.1200,30.7700,31.0600,3113425
2018-08-28,31.6600,30.7000,30.8100,31.3900,1737870
2018-08-29,31.5800,30.7500,31.3900,31.0000,990917
2018-08-30,31.0800,30.2300,30.9500,30.5000,1078256
2018-08-31,30.5000,29.6300,30.1000,30.0000,1367514
2018-09-03,30.8200,29.9400,30.0400,30.8000,2948856
2018-09-04,31.4500,30.6100,30.6100,30.9400,2131279
2018-09-05,31.2000,30.0000,31.2000,30.2900,1553892
2018-09-06,30.6000,29.6300,30.2000,29.9500,1896823
2018-09-07,30.4300,28.9800,29.7800,29.7800,1640613
2018-09-10,29.6500,29.0400,29.6500,29.2100,1399678
2018-09-11,29.4200,28.2300,29.2400,28.8000,1490936
2018-09-12,29.3200,28.5000,28.6800,28.7500,1227671
2018-09-13,29.3000,28.0300,29.0000,28.4400,1641776
2018-09-14,28.5900,27.8900,28.5900,28.2500,930405
2018-09-17,28.5800,27.3000,28.2500,28.4300,1771784
2018-09-18,29.1800,27.9100,28.4200,28.9200,1855898
2018-09-19,29.6000,28.8500,28.9200,29.4000,1854568
2018-09-20,30.0000,29.3100,29.4100,29.8800,1445648
2018-09-21,30.1500,29.5500,30.0000,29.9700,1645222
2018-09-25,30.5400,29.3500,29.9400,30.2500,1253125
2018-09-26,31.0600,30.1900,30.2600,31.0000,2102326
2018-09-27,31.0000,30.1300,30.8900,30.3400,1610482
2018-09-28,31.0900,30.3500,30.4500,31.0500,1697540
2018-10-08,31.1600,29.7900,30.8000,29.9500,2149147
2018-10-09,30.3500,29.4200,30.1400,29.5000,1639180
2018-10-10,30.4900,29.7200,29.8100,30.0000,1557378
2018-10-11,29.8600,28.5200,29.3000,29.0000,2422641
2018-10-12,29.5500,28.7800,28.8100,29.3500,2225221
2018-10-15,29.5300,27.3500,29.4700,27.9500,3555484
2018-10-16,27.8800,26.1100,27.8800,26.9800,3230234
2018-10-17,27.3600,25.9400,27.3600,27.0800,2095475
2018-10-18,26.9300,26.0000,26.9300,26.2000,2718622
2018-10-19,27.5500,25.8500,25.8500,27.3000,2271364
2018-10-22,28.8000,27.5100,27.5100,28.1200,4266191
2018-10-23,28.1700,27.2500,28.0000,27.2900,2516427
2018-10-24,27.5800,26.8000,26.9000,26.9200,1303105
2018-10-25,26.6000,25.0700,26.2700,25.9300,3619760
2018-10-26,26.4000,25.1000,26.1500,25.3600,2015668
2018-10-29,26.5000,25.2900,25.6000,25.9000,2972694
2018-10-30,26.0800,23.7000,25.4300,25.8500,4665007
2018-10-31,26.4200,25.5600,25.8700,26.3300,2518026
2018-11-01,27.4400,26.5200,26.8000,27.1500,2951031
2018-11-02,28.1500,27.2300,27.6000,28.0000,2096071
2018-11-05,28.2900,27.2500,27.9600,27.6000,2140802
2018-11-06,28.3600,27.4100,27.7500,28.3200,1440386
2018-11-07,28.3800,27.7100,27.8900,27.8300,1425776
2018-11-08,28.3800,27.6500,27.8700,27.8600,866659
2018-11-09,28.3000,27.3100,27.8600,28.1800,1342268
2018-11-12,28.4500,27.8200,27.8300,28.3600,1443207
2018-11-13,29.2400,27.8600,28.0000,28.9300,2435706
2018-11-14,29.0000,28.4100,28.6000,28.7500,1318800
2018-11-15,28.6800,27.8000,28.6100,28.2700,3029777
2018-11-16,28.6600,28.1100,28.2400,28.3300,1620162
2018-11-19,28.9200,27.8600,28.3300,28.0000,1850030
2018-11-20,28.2000,27.3100,27.8000,27.5000,2092010
2018-11-21,27.7400,26.8000,27.3500,27.5200,1889744
2018-11-22,27.8000,27.0100,27.5100,27.3300,859507
2018-11-23,27.3300,26.3800,27.3300,26.5100,1379987
2018-11-26,26.8600,26.0000,26.5100,26.6300,1361770
2018-11-27,26.8100,26.4000,26.7000,26.6000,1132698
2018-11-28,27.0600,26.1500,26.6000,26.7500,1637905
2018-11-29,27.4400,26.8000,26.8000,27.1500,1405039
2018-11-30,27.4500,26.5000,27.0700,27.4000,1310031
2018-12-03,28.3500,27.5700,28.0300,28.2400,2828226
2018-12-04,28.3700,27.8200,28.3700,28.1300,1041122
2018-12-05,28.3600,27.6200,27.7000,28.0300,1665541
2018-12-06,28.2100,27.6800,28.0500,27.8500,1119239
2018-12-07,28.8500,27.5200,27.8400,28.1400,1948157
2018-12-10,28.6400,27.8900,27.8900,28.4300,1293624
2018-12-11,28.8800,27.8500,28.2300,28.4800,1384232
2018-12-12,28.8300,28.2000,28.6300,28.4900,1276174
2018-12-13,29.2900,28.4000,28.4900,28.8200,1446641
2018-12-14,29.2200,28.3500,28.6000,28.4300,1635051
2018-12-17,29.4800,28.3100,28.5300,29.0300,2369075
2018-12-18,29.3700,28.5000,28.9000,29.2700,1509846
2018-12-19,29.2100,28.0000,29.2100,28.5600,1681404
2018-12-20,28.7900,28.2600,28.5800,28.6000,1331528
2018-12-21,28.8600,28.2000,28.4600,28.5700,1590882
2018-12-24,29.5000,28.0200,28.1000,29.2400,3094944
2018-12-25,29.8000,28.9400,29.2900,29.5000,3273688
2018-12-26,30.0900,29.2200,29.6500,29.6300,2127085
2018-12-27,29.8400,29.3300,29.6100,29.6800,1964478
2018-12-28,30.3400,29.0000,29.6100,30.2500,2953832
2019-01-02,30.2400,28.0400,30.1500,28.8600,3435768
2019-01-03,28.9400,28.3000,28.3000,28.8200,2800015
2019-01-04,28.9800,27.6500,28.8100,28.3300,3639537
2019-01-07,28.7500,28.0200,28.4800,28.4300,2173828
2019-01-08,28.3800,27.6000,28.2000,27.7800,2161330
2019-01-09,29.1700,27.5600,27.7800,28.3800,2366797
2019-01-10,28.4900,27.8600,28.2800,27.9400,1602005
2019-01-11,28.3600,27.9300,28.3100,28.1700,2178863
2019-01-14,28.3700,27.8000,28.2300,28.1100,1829597
2019-01-15,28.3900,27.7700,27.9400,28.3900,2462942
2019-01-16,28.5000,28.2100,28.3000,28.2900,1352198
2019-01-17,28.3700,27.7300,28.2800,27.9000,1453286
2019-01-18,28.4600,27.9000,27.9500,28.2900,1772414
2019-01-21,29.8000,28.2900,28.2900,29.2900,2769649
2019-01-22,29.9000,29.0000,29.9000,29.2400,1532840
2019-01-23,29.9900,29.1200,29.3900,29.3600,1890806
2019-01-24,29.9800,29.0800,29.3300,29.6200,1952150
2019-01-25,30.9700,29.4100,29.5400,30.4200,3008707
2019-01-28,31.2000,30.2000,30.8000,30.4100,2037237
2019-01-29,31.0000,29.4100,30.4500,30.5000,2786382
2019-01-30,30.9800,29.8000,30.7600,29.9100,1982824
2019-01-31,30.6800,29.8000,29.9000,30.1000,1303221
2019-02-01,30.9500,29.7600,30.3000,30.9000,1808257
2019-02-11,31.4000,30.3000,30.8600,31.2900,2443535
2019-02-12,31.4600,30.7100,30.9900,31.1000,1496363
2019-02-13,31.1900,30.5100,31.0200,31.0100,2189749
2019-02-14,31.0200,30.6600,30.9800,30.8200,1819837
2019-02-15,30.8000,29.7600,30.6600,29.9300,3265654
2019-02-18,30.9500,29.9900,29.9900,30.9100,3833011
2019-02-19,31.0900,30.0300,31.0200,30.3900,3102703
2019-02-20,30.5000,30.0200,30.5000,30.1700,1746038
2019-02-21,31.4900,30.0300,30.3500,30.9300,3065848
2019-02-22,31.1900,30.6000,31.0000,30.9600,1985426
2019-02-25,32.4000,30.1000,31.2100,32.0900,9150091
2019-02-26,31.5300,30.5500,31.5300,30.6300,5056567
2019-02-27,30.5300,30.1200,30.5000,30.2300,2796708
2019-02-28,30.8200,30.2300,30.2300,30.6500,3610372
2019-03-01,31.9400,30.6800,30.6800,31.7200,6441571
2019-03-04,32.3800,31.3300,31.9600,31.5300,5052454
2019-03-05,31.8600,30.8200,31.8600,31.2800,3761280
2019-03-06,31.4500,30.5900,31.3900,31.0600,4380740
2019-03-07,31.1600,30.5900,31.0200,31.0000,3180427
2019-03-08,31.0300,30.0000,30.3300,30.5400,5216036
2019-03-11,31.2800,30.2000,30.4700,31.1600,5395653
2019-03-12,31.9500,31.0100,31.2900,31.8700,5230915
2019-03-13,32.0000,31.2700,32.0000,31.5500,2880028
2019-03-14,31.9900,30.9900,31.5400,31.3600,3004302
2019-03-15,32.7000,31.1000,31.3000,32.5200,7015122
2019-03-18,33.9200,32.1500,32.7500,33.5000,5680336
2019-03-19,34.9300,33.4500,33.9800,34.6000,5773322
2019-03-20,35.2000,33.5100,34.5000,34.5300,5237969
2019-03-21,35.7100,33.4000,34.1000,35.3000,5588797
2019-03-22,35.3000,33.8700,35.3000,34.5000,3689997
2019-03-25,34.9200,33.8100,34.1000,34.8000,3986421
2019-03-26,36.9800,34.2400,35.0900,34.9100,6093497
2019-03-27,37.3000,35.0200,35.4000,37.0000,4466365
2019-03-28,37.4700,36.1400,37.4700,36.4100,3445780
2019-03-29,37.4000,36.0900,36.4200,37.0000,3424256
2019-04-01,38.0500,36.7100,37.0200,37.2100,5304739
2019-04-02,37.4600,36.7500,37.1000,37.1800,2627891
2019-04-03,37.3000,36.0200,37.0300,36.7000,4299038
2019-04-04,36.8800,35.4000,35.5000,36.4600,6358633
2019-04-08,36.9000,35.0500,36.6600,35.3400,4433689
2019-04-09,36.0800,34.9000,35.3800,35.2600,2652015
2019-04-10,36.9700,35.0000,35.0000,36.5600,4707184
2019-04-11,36.5600,35.2300,36.5500,35.5900,3606141
2019-04-12,35.9500,34.5100,35.9500,35.3300,1629273
2019-04-15,35.8500,34.8500,35.5100,34.9000,2090900
2019-04-16,35.2600,33.7600,34.7000,35.0500,4702818
2019-04-17,35.2700,34.3700,35.1200,34.5900,3057243
2019-04-18,35.5900,34.4400,34.6000,35.2700,3079394
2019-04-19,35.8500,34.7500,35.2000,35.6800,3031070
2019-04-22,37.7000,35.4600,35.6800,37.6000,5798492
2019-04-23,38.1900,36.6100,37.4400,36.9200,4294931
2019-04-24,38.4900,37.2200,37.2200,37.9500,5310708
2019-04-25,38.7400,37.4900,37.9400,37.5100,3647528
2019-04-26,38.5800,36.8600,37.0000,37.2500,3206020
2019-04-29,39.0500,36.6800,37.5500,38.3100,3854534
2019-04-30,38.3100,36.7800,38.0000,37.4100,2502582
2019-05-06,37.8500,35.8900,36.7000,36.4700,4742058
2019-05-07,37.2400,35.5000,36.3600,36.5000,3255327
2019-05-08,37.8600,35.8900,36.4900,36.1900,3254650
2019-05-09,36.6600,34.5100,35.6000,35.8900,2878943
2019-05-10,37.2900,35.0500,36.0700,36.6200,3318947
2019-05-13,39.1800,35.8000,36.5000,38.1100,4070097
2019-05-14,38.2300,37.1100,37.5100,37.6300,3488052
2019-05-15,40.1400,37.5200,37.6300,39.8800,4319423
2019-05-16,40.5400,39.2800,39.5100,40.0300,2450674
2019-05-17,40.8200,39.0000,39.9200,39.6200,2143220
2019-05-20,40.1000,38.7100,39.6800,39.4000,2003862
2019-05-21,40.2500,38.8500,39.2600,39.5900,2669067
2019-05-22,40.5000,39.2600,39.5200,39.8000,1926719
2019-05-23,40.7400,39.0200,39.7800,39.6800,2814592
2019-05-24,39.9800,38.6300,39.9800,39.0000,2089189
2019-05-27,39.4700,38.1100,39.1100,38.6000,3488502
2019-05-28,40.4500,38.3200,38.8800,39.4100,4309938
2019-05-29,40.8500,38.9000,39.0100,40.6000,3841287
2019-05-30,41.7000,39.8000,40.1000,41.1500,4138751
2019-05-31,42.7900,40.6600,41.2000,41.9300,3952615
2019-06-03,43.0000,40.4100,41.7800,40.7400,5303005
2019-06-04,41.0300,40.0100,40.7400,40.1800,3749131
2019-06-05,41.0000,39.8100,40.7000,40.1600,3142043
2019-06-06,40.3500,39.0300,40.1200,39.2500,3136883
2019-06-10,40.5000,39.0100,39.6000,40.5000,4104467
2019-06-11,41.3900,39.8300,40.5000,41.2600,5382586
2019-06-12,41.0400,39.5000,40.8500,40.1800,4607841
2019-06-13,40.0000,39.2200,39.8000,39.7800,2816947
2019-06-14,40.3800,39.4000,39.7500,40.2500,3173444
2019-06-17,40.8300,39.5000,40.1500,39.7800,4136169
2019-06-18,40.2800,39.4100,39.5900,40.0000,2431828
2019-06-19,40.8800,40.0100,40.7000,40.3200,3350050
2019-06-20,41.9900,40.1700,40.3200,41.8300,4224459
2019-06-21,42.0900,41.3200,41.5700,41.9500,2438990
2019-06-24,43.5500,41.4100,41.8900,42.9900,3298436
2019-06-25,43.8000,42.3000,42.9900,43.1500,3128334
2019-06-26,44.3800,42.8000,42.9500,44.0800,2563237
2019-06-27,44.9800,43.5000,44.0900,44.3500,3185472
2019-06-28,44.6000,43.8500,44.1500,43.9700,2016700
2019-07-01,45.4800,43.0500,44.4500,44.1100,5561613
2019-07-02,43.8000,43.1100,43.6900,43.5000,3779890
2019-07-03,43.9600,42.5700,43.3600,42.9700,4353285
2019-07-04,43.1400,41.6500,42.9900,42.2500,4001970
2019-07-05,43.2900,41.9300,42.5400,42.9200,3278192
2019-07-08,42.8000,41.4200,42.8000,41.8000,3271713
2019-07-09,41.9300,40.6800,41.8000,41.2300,4206693
2019-07-10,42.0700,41.0400,41.4100,41.6500,2897572
2019-07-11,41.9800,40.6700,41.8800,40.9000,3031648
2019-07-12,41.4600,40.9000,41.1100,41.1100,1860732
2019-07-15,41.3200,39.6000,41.2100,40.6300,4674200
2019-07-16,40.6500,40.0000,40.5400,40.3200,2730177
2019-07-17,40.6900,40.1000,40.5000,40.4000,2014071
2019-07-18,40.3800,39.1300,40.3200,39.2600,3097390
2019-07-19,39.9100,38.8100,39.2900,39.5100,4232777
2019-07-22,39.4200,37.8100,39.2700,38.1000,7089832
2019-07-23,38.5800,38.0500,38.4600,38.3700,3769554
2019-07-24,39.7000,38.4600,38.6700,39.5000,4193887
2019-07-25,39.9500,39.1500,39.2900,39.8400,4019076
2019-07-26,41.0700,39.3500,39.6500,40.9100,3181325
2019-07-29,41.6000,40.6100,41.4900,40.7000,2007464
2019-07-30,40.9800,39.9000,40.6300,40.0000,3283130
2019-07-31,40.2600,39.5500,39.9900,39.6600,2103450
2019-08-01,39.5000,38.4000,39.2800,38.8000,4209834
2019-08-02,39.0500,37.9100,38.0600,38.8100,2364743
2019-08-05,39.1900,37.8800,38.6700,38.0700,2717984
2019-08-06,38.3400,36.5300,37.6000,38.1000,3743167
2019-08-07,39.1100,38.1900,38.1900,38.8500,2151092
2019-08-08,39.2600,38.3100,38.9800,39.1300,2996600
2019-08-09,39.7900,38.5500,39.4900,38.6900,2013800
2019-08-12,39.0000,38.4500,38.7500,38.9900,1925211
2019-08-13,39.9500,38.7500,38.8200,39.9300,2038485
2019-08-14,40.5000,39.5800,40.4100,39.8000,1894403
2019-08-15,40.0500,38.6000,39.0500,40.0500,2517560
2019-08-16,41.1000,39.7900,40.0500,40.9400,3105405
2019-08-19,42.5000,40.6600,41.2000,42.4500,4368677
2019-08-20,42.9000,41.3600,42.3200,41.6900,4208212
2019-08-21,42.0000,41.2300,41.5800,41.3800,2884168
2019-08-22,41.7500,40.8600,41.4600,41.5000,3066694
2019-08-23,42.6000,41.0700,41.8400,42.1800,2783231
2019-08-26,44.0000,42.1500,42.1500,43.0000,4793375
2019-08-27,43.8200,42.7600,43.0100,43.3800,4141581
2019-08-28,44.1100,43.0000,43.2800,43.1700,3675539
2019-08-29,43.3400,41.9100,43.1100,42.6500,3527421
2019-08-30,43.1600,42.1500,42.8500,42.7800,2635101
2019-09-02,43.3700,41.9300,42.6800,42.3600,3731786
2019-09-03,43.1300,41.8500,42.0000,42.6000,2951490
2019-09-04,41.9100,40.6000,41.4000,41.2800,5635349
2019-09-05,41.8000,40.9000,41.4800,40.9300,3603868
2019-09-06,41.3300,39.7500,40.9000,40.8000,4540703
2019-09-09,41.9700,40.8000,41.0300,40.9500,4260861
2019-09-10,41.5000,40.3900,41.3600,40.6400,3164722
2019-09-11,40.8700,40.0000,40.6400,40.1000,2700873
2019-09-12,40.7000,40.0100,40.3800,40.4000,2757898
2019-09-16,41.1700,39.6000,40.4800,40.9200,4449883
2019-09-17,41.9700,40.6100,40.8800,41.5600,4295320
2019-09-18,42.1300,40.6000,41.5300,41.4100,3258282
2019-09-19,42.2800,41.2000,41.5900,42.1500,3933962
2019-09-20,43.0800,41.9700,42.0900,42.2000,4095903
2019-09-23,43.3200,42.3100,42.6600,42.8100,3979591
2019-09-24,43.3600,42.6300,43.1300,42.9900,2845111
2019-09-25,43.6100,42.8100,42.9900,43.4200,3239705
2019-09-26,44.4800,42.7500,43.6300,43.5200,2714147
2019-09-27,44.0000,42.3500,43.2900,43.4000,1904732
2019-09-30,45.3000,43.2500,43.4800,44.5600,3949698
2019-10-08,45.2500,43.0400,45.2300,43.3000,3933904
2019-10-09,43.6800,42.1200,42.9100,42.8900,2722237
2019-10-10,45.0000,42.6200,43.3200,44.6500,3444566
2019-10-11,46.2000,44.3600,44.7100,46.0500,3326498
2019-10-14,47.3800,45.2300,46.0000,45.7800,3012671
2019-10-15,45.9800,45.0900,45.8800,45.7200,2176910
2019-10-16,46.0500,44.5900,46.0000,45.0400,3132338
2019-10-17,48.3000,44.7800,45.1000,47.7800,4198169
2019-10-18,48.2500,46.8000,48.0700,47.2700,2957708
2019-10-21,47.4900,45.9600,46.9800,46.5700,2077323
2019-10-22,48.3900,46.6000,47.0000,47.9700,2098867
2019-10-23,48.7900,47.0000,47.9700,47.7000,2730848
2019-10-24,47.8500,47.0800,47.6500,47.5100,1428833
2019-10-25,47.9700,47.2400,47.5600,47.5600,1478889
2019-10-28,50.5000,48.2100,48.6800,49.3700,4951847
2019-10-29,51.6800,49.5000,49.5700,50.0000,4621670
2019-10-30,50.7300,49.1300,50.5100,49.8200,3205898
2019-10-31,51.1100,49.4400,49.5100,50.0000,3959895
2019-11-01,50.9100,49.5100,50.5000,50.1800,3419919
2019-11-04,50.6800,49.7000,50.1000,50.2000,2836479
2019-11-05,50.3200,48.1800,50.1700,49.2800,7470092
2019-11-06,49.5500,48.5700,49.1800,48.7500,3075179
2019-11-07,50.2100,48.6400,48.8100,49.6500,3535469
2019-11-08,50.4900,48.3900,50.4900,48.5200,3080682
2019-11-11,49.3300,47.5500,48.8600,47.6200,3579512
2019-11-12,48.1500,46.9200,47.8700,47.6300,2967594
2019-11-13,49.0000,47.7100,47.7100,48.9700,2933774
2019-11-14,49.6500,48.8600,48.9600,49.1400,2546276
2019-11-15,50.4500,48.8700,49.2200,49.0000,1893106
2019-11-18,49.1700,48.2000,49.0900,48.4500,2540618
2019-11-19,51.2800,48.8200,48.8200,50.8900,5311809
2019-11-20,51.2800,49.1000,51.1000,49.4400,5135226
2019-11-21,49.8900,49.0800,49.5900,49.4700,3042258
2019-11-22,49.8500,47.1200,49.8000,48.1700,4487331
2019-11-25,47.8800,45.9400,47.5700,46.4800,5831586
2019-11-26,47.6600,46.2100,47.2300,47.6600,9032212
2019-11-27,47.0000,45.6600,47.0000,45.9500,4576087
2019-11-28,46.4400,45.2500,46.2900,46.1400,3463581
2019-11-29,46.4800,45.1100,46.3600,45.9300,3145352
2019-12-02,46.5300,44.7600,46.1200,45.7800,5457080
2019-12-03,46.5500,44.9100,45.5000,46.2300,4373151
2019-12-04,47.5000,45.9400,46.5000,47.3800,4811227
2019-12-05,49.0000,47.0500,47.4200,48.7400,4015480
2019-12-06,49.5800,48.3000,49.2300,49.5500,3475017
2019-12-09,50.1600,48.6000,49.5700,49.6200,3772392
2019-12-10,50.6600,49.8000,50.1700,50.4000,4091063
2019-12-11,50.7500,49.5000,50.3600,50.6000,3161806
2019-12-12,50.9000,49.3000,50.9000,50.3000,3709932
2019-12-13,51.9000,49.9900,50.7100,49.9900,6781277
2019-12-16,50.7300,48.6300,50.3500,49.3900,6891232
2019-12-17,49.8900,47.9200,49.3400,47.9500,6673616
2019-12-18,48.1000,47.1200,48.0700,47.6500,4508110
2019-12-19,47.4600,46.1100,47.3900,47.2000,6692818
2019-12-20,47.3500,46.3400,47.0000,46.4600,4443061
2019-12-23,46.6900,45.9100,46.3500,46.2400,4783426
2019-12-24,46.5000,45.8500,46.1100,46.4000,4173583
2019-12-25,47.9100,46.3600,46.4700,47.6400,5096733
2019-12-26,47.9900,47.2000,47.7500,47.8000,3162930
2019-12-27,47.8000,46.9000,47.4100,46.9000,4289865
2019-12-30,48.0000,46.2200,46.5000,47.9500,3297091
2019-12-31,49.1300,47.3400,47.9000,48.7400,5083123
2020-01-02,49.2600,48.0500,49.0200,48.4100,4068160
2020-01-03,48.7200,47.4100,48.4500,47.5300,4100420
2020-01-06,48.3200,46.7100,47.6000,47.8200,4150314
2020-01-07,49.2000,47.7700,47.8200,49.1700,4262327
2020-01-08,49.1700,47.9300,49.1700,48.0600,2887379
2020-01-09,48.9800,48.0100,48.3900,48.7400,3075741
2020-01-10,50.1100,48.7500,48.7500,49.6800,3978580
2020-01-13,50.6200,49.2900,49.9100,50.2000,2940091
2020-01-14,50.9400,49.3600,50.7400,49.3900,2483835
2020-01-15,50.3500,49.3000,49.3800,49.8900,2336490
2020-01-16,50.6600,49.7700,50.0200,50.3900,2240329
2020-01-17,50.7000,49.8600,50.1700,50.2600,1941086
2020-01-20,51.0500,49.6100,50.3100,50.9900,3453259
2020-01-21,51.3000,49.3000,51.2600,50.2900,3136756
2020-01-22,51.9800,49.5000,50.3600,51.6100,4019363
2020-01-23,51.4500,49.4000,51.4300,50.1000,3612795
2020-02-03,46.8900,45.0900,45.0900,45.0900,5135777
2020-02-04,46.8900,44.6100,44.6300,46.0000,4176168
2020-02-05,48.2800,45.5000,46.4100,48.0000,4514871
2020-02-06,48.7500,47.1200,48.2500,48.1000,4476074
2020-02-07,48.0900,46.6800,47.5000,47.2500,2816041
2020-02-10,47.4500,46.3000,47.0000,47.3200,3238159
2020-02-11,49.3000,46.8000,47.0900,48.8800,4553539
2020-02-12,50.1100,48.3900,48.5000,49.8300,3688047
2020-02-13,49.9900,48.4100,49.9900,48.4900,2208638
2020-02-14,48.7800,47.8300,48.4500,48.1100,2391344
2020-02-17,48.7700,47.8500,48.2900,48.1000,4953795
2020-02-18,48.2500,47.1000,48.2500,47.1900,4874674
2020-02-19,47.5300,46.6800,47.1600,47.1300,3094911
2020-02-20,48.0300,46.7100,47.1300,48.0300,3869515
2020-02-21,48.4000,47.0900,48.0000,48.0400,5203714
2020-02-24,47.8000,46.7000,47.7800,47.2000,5843825
2020-02-25,46.1900,44.6900,46.1900,45.4700,7572210
2020-02-26,45.4200,43.3300,45.4200,43.3900,6621477
2020-02-27,45.8500,43.7300,43.8200,45.3400,7017218
2020-02-28,45.3500,43.6900,44.5000,44.4000,6428275
2020-03-02,45.5200,43.7500,44.3900,44.7900,8132752
2020-03-03,46.3500,45.0000,45.2400,45.8300,5375208
2020-03-04,45.7900,44.8700,45.3500,45.4700,3140323
2020-03-05,47.2000,45.6100,45.8100,47.1300,4703405
2020-03-06,46.7800,45.9500,46.5000,46.1800,3168355
2020-03-09,45.7000,44.2800,45.5000,44.3000,4873133
2020-03-10,46.0000,43.5700,43.5700,45.7200,3977746
2020-03-11,46.6300,45.5500,45.7200,46.0400,3482302
2020-03-12,45.4800,44.2100,45.4800,45.1400,2954460
2020-03-13,45.0800,43.5000,43.5000,44.4000,4486387
2020-03-16,44.6000,42.0100,44.5000,42.0100,5859610
2020-03-17,42.8000,40.3100,42.0000,40.8100,5024246
2020-03-18,44.3700,40.9500,40.9500,42.7000,6876522
2020-03-19,43.1500,40.8500,43.0000,41.6100,5030549
2020-03-20,43.6100,42.0000,42.0000,43.4000,3781638
2020-03-23,44.9300,42.3600,42.5000,43.4700,5264293
2020-03-24,45.1000,43.5400,43.7000,44.6200,4709134
2020-03-25,45.9600,44.7100,45.7000,45.7900,4056092
2020-03-26,46.5500,45.2500,45.4500,46.0800,3530355
2020-03-27,47.6800,45.7300,46.2100,46.5000,4579009
2020-03-30,46.8500,45.6000,45.7600,46.0500,2840687
2020-03-31,46.8200,45.9100,46.4300,46.3000,2897534
2020-04-01,46.7200,45.5000,45.9800,45.9300,2343166
2020-04-02,46.5000,45.6000,46.1200,46.0800,4447652
2020-04-03,48.1000,45.9900,46.1800,46.4500,4643851
2020-04-07,47.3000,46.3400,47.0000,47.2000,4522510
2020-04-08,47.5000,46.5500,46.8000,47.1300,2252643
2020-04-09,48.7700,46.5800,47.3800,48.6200,4620593
2020-04-10,49.8700,47.7900,48.5800,48.6500,3642395
2020-04-13,49.1000,47.8700,48.8300,48.4700,1570149
2020-04-14,53.2000,50.1000,50.1000,52.8800,11968266
2020-04-15,53.7500,52.0900,53.0300,52.8700,6999440
2020-04-16,52.8500,51.5900,52.0000,52.4000,4926385
2020-04-17,52.6000,51.2200,52.5400,51.3400,4597356
2020-04-20,52.1600,50.8800,51.8600,51.2400,3590725
2020-04-21,52.4400,50.4700,51.2100,51.3900,4714182
2020-04-22,53.3000,51.2800,51.3500,52.9600,5727319
2020-04-23,54.6800,52.5200,52.9800,53.0800,4115707
2020-04-24,54.5400,52.6800,53.2800,53.1800,3123058
2020-04-27,54.3000,52.6700,53.1800,54.0000,2985435
2020-04-28,55.1800,53.2000,54.3000,54.0800,4208062
2020-04-29,53.9900,51.1200,53.9900,51.9900,5979255
2020-04-30,52.6800,50.7800,51.8800,51.4100,5959803
2020-05-06,53.0000,50.9900,51.4000,52.5000,6667994
2020-05-07,53.4000,51.9000,52.7900,53.0400,3789922
2020-05-08,54.1900,52.5000,53.3300,52.7000,4754315
2020-05-11,53.1000,51.9800,52.9800,52.1000,4306337
2020-05-12,53.2600,51.7700,52.8000,52.2000,4694306
2020-05-13,54.9800,51.8700,52.4900,54.1500,6169915
2020-05-14,54.6500,52.6000,54.2900,52.9000,4939357
2020-05-15,53.1700,51.5000,52.9000,51.7600,4717573
2020-05-18,53.5600,51.6400,51.8100,52.8000,5097742
2020-05-19,53.8400,52.7100,53.1100,53.1300,3083181
2020-05-20,54.0600,51.2800,53.8200,51.7000,4791590
2020-05-21,52.3100,50.8000,51.8500,51.2900,4502982
2020-05-22,50.9300,49.3700,50.7000,49.9500,4117598
2020-05-25,50.6500,49.4600,49.9100,50.3700,2849209
2020-05-26,52.5200,50.1200,50.5400,52.1300,3420326
2020-05-27,52.7700,51.6500,52.4900,52.0400,2629246
2020-05-28,52.6400,51.4800,52.0000,52.4000,3299871
2020-05-29,55.9000,52.3000,52.4900,55.7300,6683620
2020-06-01,56.7000,55.2400,56.0000,55.7000,4978792
2020-06-02,55.6800,53.6600,55.4800,53.9300,5199115
2020-06-03,54.3700,53.2000,54.1700,53.7000,3170796
2020-06-04,54.8900,53.0500,53.8000,53.9500,4648166
2020-06-05,54.3400,53.5000,53.7500,54.0400,2986973
2020-06-08,54.5400,51.4900,54.5400,52.8200,7534544
2020-06-09,52.6400,51.9000,52.4100,52.0700,5136163
2020-06-10,52.2300,51.6000,52.0700,52.2100,4324669
2020-06-11,52.8500,51.1800,52.2000,51.5000,5647042
2020-06-12,52.8500,50.6100,50.8000,52.6000,5582189
2020-06-15,53.1500,51.0000,52.3000,51.2100,5569018
2020-06-16,52.8000,51.5300,51.6900,52.6000,5241537
2020-06-17,52.8000,51.4000,52.8000,51.6800,4006819
2020-06-18,51.9700,51.0900,51.6700,51.6600,2827879
2020-06-19,53.6000,51.3300,51.3300,52.6400,5468068
2020-06-22,52.6500,51.7500,52.4900,51.8700,5084869
2020-06-23,52.9200,51.6000,52.0400,52.9200,5296571
2020-06-24,53.7000,52.4100,52.8100,52.7800,5701263
2020-06-29,52.6700,51.7600,52.6700,52.5300,3650365
2020-06-30,55.1700,52.3300,52.6000,54.6000,6004372
2020-07-01,57.3300,54.0800,54.3400,56.8200,7339030
2020-07-02,57.6600,55.7800,56.7800,56.1000,5548342
2020-07-03,56.6000,53.6000,56.4000,54.6000,6146573
2020-07-06,55.6700,53.9200,54.3000,55.3500,6558034
2020-07-07,58.4500,55.1500,55.2000,58.2800,6849100
2020-07-08,59.5000,57.0000,57.5500,58.9000,6205719
2020-07-09,59.5000,57.8000,58.4500,59.5000,5565462
2020-07-10,59.9200,58.2000,59.0500,59.1700,4869072
2020-07-13,61.8600,58.6400,58.8500,60.6000,5269958
2020-07-14,62.2000,59.2100,60.8000,60.9300,3534191
2020-07-15,65.8800,61.0700,61.3100,63.9000,6652774
2020-07-16,65.0300,60.1000,63.6000,60.6900,6403854
2020-07-17,63.0000,60.7000,60.7000,62.2700,3747666
2020-07-20,63.6700,60.2800,62.7100,61.8900,4944884
2020-07-21,63.7700,61.3000,61.3300,63.7000,3282966
2020-07-22,65.3800,62.1200,62.7000,63.2900,4028526
2020-07-23,64.2200,62.5000,62.7200,63.8900,3133522
2020-07-24,63.8900,60.1900,63.6700,60.4000,4618357
2020-07-27,62.5000,60.1700,60.4100,60.9000,3154252
2020-07-28,62.9000,60.9100,61.7000,62.8500,3256642
2020-07-29,63.2000,62.0100,62.6900,62.8500,4130011
2020-07-30,63.6900,62.0500,62.3500,62.8000,3005809
2020-07-31,65.3700,62.4700,63.3100,65.3700,3760559
2020-08-03,65.3600,64.0800,65.2000,64.6000,2801908
2020-08-04,65.3000,63.5400,64.6000,64.7200,2641756
2020-08-05,67.5000,64.0500,64.7300,66.6300,3203179
2020-08-06,67.5000,65.6300,66.8000,67.1900,2647125
2020-08-07,68.8900,66.6000,66.7800,67.9800,2769602
2020-08-10,68.6600,66.7600,67.6600,67.6000,2241633
2020-08-11,68.7200,65.7400,67.4100,66.1000,2567985
2020-08-12,66.6900,63.1900,66.0100,63.8600,3243811
2020-08-13,65.3800,63.5400,64.0100,63.7900,2188907
2020-08-14,64.9400,63.1900,64.0300,64.6300,2822712
2020-08-17,65.0100,63.4800,64.5500,64.7800,3813651
2020-08-18,66.0000,64.1400,64.4700,65.6200,2575946
2020-08-19,66.6000,64.3000,65.5000,65.7000,3248182
2020-08-20,65.5000,63.5900,65.4300,64.1500,2829175
2020-08-21,65.6700,64.3100,64.8600,65.3700,2739780
2020-08-24,66.9800,65.6000,65.8000,65.9000,5140782
2020-08-25,66.9000,65.2000,66.6800,65.3100,2451342
2020-08-26,68.4100,65.4300,65.7500,67.6600,4417680
2020-08-27,71.6000,66.5500,67.5400,71.2700,5358068
2020-08-28,71.6900,70.0000,71.1000,71.4100,4524841
2020-08-31,71.4000,69.2300,71.0000,69.5000,4788520
2020-09-01,73.3500,69.2200,70.0300,72.2700,4487152
2020-09-02,72.6900,70.1000,71.9500,72.1300,4753597
2020-09-03,75.2400,71.9400,71.9900,73.3500,4843702
2020-09-04,72.9700,69.6800,71.9800,70.8200,4675210
2020-09-07,70.7900,67.3000,70.7900,67.8500,4085803
2020-09-08,68.3000,66.0500,68.0000,67.3000,4723068
2020-09-09,67.6400,64.0800,67.6400,64.7400,4824617
2020-09-10,66.9900,65.5800,65.9000,65.9800,3007411
2020-09-11,69.5300,65.8000,66.1400,69.1500,4934653
2020-09-14,70.0900,68.3000,69.9900,68.9600,2849151
2020-09-15,69.9500,67.8000,68.8000,69.6000,1791847
2020-09-16,70.5700,67.6900,69.4000,68.8700,2724777
2020-09-17,69.0100,66.7000,68.3000,68.2500,2900171
2020-09-18,69.5000,66.1200,68.7400,67.4400,3987047
2020-09-21,68.3800,66.3800,68.0200,66.5900,2583692
2020-09-22,67.3800,65.8100,66.1400,66.1800,2303228
2020-09-23,69.3000,66.3700,66.9600,68.4600,3529581
2020-09-24,68.1600,66.2000,68.0000,66.8000,2179241
2020-09-25,68.7900,66.7000,67.6300,67.7500,2283505
2020-09-28,68.8000,66.4600,67.9500,66.9800,1869060
2020-09-29,67.9700,66.7000,67.0000,66.9000,1464164
2020-09-30,68.8000,66.5500,66.9300,67.9100,1822515
2020-10-09,68.9800,66.7000,68.4400,67.8000,1809764
2020-10-12,73.5500,68.0000,68.0000,73.4800,4643784
2020-10-13,76.2700,72.5600,73.1100,74.0000,2688599
2020-10-14,76.8000,73.5100,74.2700,76.2900,3021059
2020-10-15,77.7700,75.5800,76.2700,76.6300,2431625
2020-10-16,78.6300,76.0900,76.0900,77.3400,2663893
2020-10-19,78.1100,75.8000,77.5000,76.5800,2088909
2020-10-20,78.6800,76.0500,76.5700,78.2100,1938997
2020-10-21,80.0000,77.7600,78.7300,78.4000,2435036
2020-10-22,78.8900,76.0300,78.6000,77.2500,2095970
2020-10-23,78.0700,73.5200,77.4200,74.6000,2459032
2020-10-26,77.5900,73.1400,74.5000,76.8500,1983150
2020-10-27,79.8000,76.2200,76.9000,78.3800,3699408
2020-10-28,82.8500,77.7800,77.8000,81.5000,4766862
2020-10-29,83.2700,80.6800,81.1700,81.5000,3828481
2020-10-30,82.5000,80.1000,82.5000,80.4000,3055649
2020-11-02,82.8000,80.9000,80.9000,82.2700,2493490
2020-11-03,84.5800,81.2000,82.5600,83.8900,2928877
2020-11-04,84.6900,82.5000,83.8900,84.0500,2153107
2020-11-05,84.6200,81.8000,84.0900,82.0000,3407131
2020-11-06,83.6800,80.6700,83.2700,81.8000,3099191
2020-11-09,84.9400,82.2400,82.3000,84.3700,3361171
2020-11-10,85.5500,83.5200,84.5300,85.1400,2784266
2020-11-11,86.4400,83.6800,84.8600,84.0000,2683218
2020-11-12,85.8800,83.6600,83.7100,84.7900,1538205
2020-11-13,85.1900,83.0000,84.8200,83.7000,1984995
2020-11-16,83.7700,81.9000,83.7000,82.9600,2088931
2020-11-17,82.9000,78.0000,82.8000,81.8800,4940738
2020-11-18,81.5000,76.5800,81.3800,77.2000,4698218
2020-11-19,79.5700,74.7800,77.1500,79.4100,4164096
2020-11-20,80.7300,78.1900,79.3500,78.4600,2960725
2020-11-23,79.8600,77.1000,78.1000,78.7500,2256031
2020-11-24,79.2000,77.5200,78.2700,78.2300,2294718
2020-11-25,78.8800,75.6200,78.3000,76.1500,4248178
2020-11-26,77.6200,75.8100,76.2400,76.8300,2644291
2020-11-27,76.9600,75.6000,76.1900,76.0000,1927030
2020-11-30,76.3600,72.7200,76.0200,72.7600,5046923
2020-12-01,74.7700,72.8200,73.0700,74.7600,4121607
2020-12-02,76.6300,73.6000,74.6700,76.4000,3472499
2020-12-03,77.5000,75.3600,75.8500,77.0500,2430177
2020-12-04,81.9900,76.5900,77.0500,80.3400,4117581
2020-12-07,81.8800,80.0100,80.5700,80.8500,2570700
2020-12-08,81.3700,79.1000,80.8500,79.4000,2250845
2020-12-09,80.2200,78.5000,79.3600,79.1200,2170969
2020-12-10,83.8800,79.0000,79.5300,82.8600,4886025
2020-12-11,84.0700,81.6600,82.9600,82.3200,2431644
2020-12-14,84.4600,81.7700,82.9700,84.2000,3021740
2020-12-15,85.3800,83.6000,84.4900,84.7500,3086279
2020-12-16,85.8800,83.3000,84.5800,84.0900,2723855
2020-12-17,85.7500,83.6700,84.4100,84.0500,2104840
2020-12-18,84.8500,83.0000,84.5000,83.8300,3029921
2020-12-21,87.5000,82.3000,83.2900,86.7300,3793776
2020-12-22,86.9700,84.8500,85.7100,85.2800,2680704
2020-12-23,86.1800,83.3800,85.2900,84.2100,3527534
2020-12-24,87.7700,83.4200,84.2200,87.4200,2861980
2020-12-25,87.5500,85.2200,86.7700,87.2600,1917213
2020-12-28,88.1500,85.8100,87.2500,86.4000,2606517
2020-12-29,88.7700,85.2000,85.6800,87.7700,2886450
2020-12-30,89.0000,86.6600,87.6100,87.9900,3466589
2020-12-31,89.1700,86.6600,88.0800,88.5600,3330247
2021-01-04,93.1900,88.0100,88.2000,91.5000,3815433
2021-01-05,95.9400,90.6000,91.0000,94.2400,4503538
2021-01-06,93.6500,89.5000,93.5000,91.8200,5287747
2021-01-07,95.6700,90.2000,91.3800,94.1100,4025463
2021-01-08,96.9300,92.3000,94.3800,95.3200,4236501
2021-01-11,96.8800,93.5000,95.3700,94.2000,3056648
2021-01-12,99.0500,92.5000,93.7200,97.7500,3543303
2021-01-13,98.7000,93.6000,97.6600,94.4600,3332774
2021-01-14,94.8400,90.8000,94.2200,92.3600,3518854
2021-01-15,96.2200,92.0200,92.3600,95.7200,4028524
2021-01-18,96.9900,93.0000,95.6300,96.5000,3466168
2021-01-19,97.0300,92.0000,97.0300,93.4700,2913538
2021-01-20,95.6400,92.3500,93.3900,94.5000,2878756
2021-01-21,97.1500,94.7900,94.8300,95.9900,3439951
2021-01-22,98.2000,95.2800,95.8000,96.5500,3505984
2021-01-25,98.0400,94.5800,96.6100,98.0000,5025283
2021-01-26,98.7100,95.0100,97.9600,96.1200,3659702
2021-01-27,97.9800,93.7000,95.4500,95.5000,3481727
2021-01-28,95.1300,92.1500,93.5500,92.6200,4085452
2021-01-29,97.6400,92.9000,92.9000,94.0900,4272469
2021-02-01,97.2200,93.6800,95.6600,97.2200,3616985
2021-02-02,97.2200,90.1800,97.2200,91.5500,8508261
2021-02-03,92.4500,86.8000,91.0000,87.9500,10511367
2021-02-04,91.5000,86.5600,87.0000,89.3000,8945175
2021-02-05,94.0500,89.3600,90.0000,93.0000,4565078
2021-02-08,93.3500,89.2600,92.7900,93.2000,5781462
2021-02-09,95.5000,91.0000,91.0000,94.6100,3265927
2021-02-10,97.9900,93.7000,94.8700,97.6000,3694021
2021-02-18,100.7700,91.5000,100.0000,91.6700,6372955
2021-02-19,92.5000,87.5000,91.8000,89.7000,6056529
2021-02-22,89.9900,85.6000,89.7200,85.7900,5765975
2021-02-23,87.5600,84.8000,85.7900,85.3100,4213143
2021-02-24,86.0700,80.9500,85.7400,82.3100,5392522
2021-02-25,83.4900,80.8600,83.0600,81.1400,5836074
2021-02-26,80.2400,76.3800,80.2400,77.6500,10812267
2021-03-01,79.6500,74.8000,78.8000,76.7000,11447289
2021-03-02,77.9600,74.7700,77.6900,75.2200,7369909
2021-03-03,77.3400,73.5800,75.4000,77.0600,6296244
2021-03-04,76.0500,72.6600,76.0000,73.2100,6788005
2021-03-05,73.9200,70.0100,71.0100,72.9300,6148605
2021-03-08,74.7900,70.2000,74.2500,70.2200,9019447
2021-03-09,72.4100,68.3000,69.4000,70.0200,8799552
2021-03-10,74.9600,71.3500,71.5200,73.9800,8419683
2021-03-11,76.5900,73.1000,74.0100,74.8000,6271294
2021-03-12,75.7000,74.0200,74.4900,75.1300,4589695
2021-03-15,75.4200,70.6000,74.6700,71.9600,4697430
2021-03-16,73.6000,71.5100,72.4500,72.3000,2451175
2021-03-17,74.5000,71.1700,71.8600,73.9200,2886178
2021-03-18,77.0100,73.2200,73.9200,76.9000,5216009
2021-03-19,77.4300,75.0600,75.6600,75.9400,3886726
2021-03-22,77.8000,74.5000,76.0800,75.8500,3479396
2021-03-23,76.8200,75.0300,75.8500,75.8000,2224456
2021-03-24,78.0100,74.6900,75.8000,77.6200,4608020
2021-03-25,78.4400,75.2900,76.8000,77.6000,3245998
2021-03-26,82.2500,77.0000,78.0000,82.0900,5905974
2021-03-29,82.9700,79.8000,82.0900,80.1500,4387067
2021-03-30,86.6500,80.7100,81.9900,86.4000,7703659
2021-03-31,88.0800,85.1000,87.7500,85.4100,6189757
2021-04-01,86.6900,84.6000,85.3900,85.4000,2258760
2021-04-02,86.1900,83.7600,85.4600,85.1900,3315495
2021-04-06,85.5900,81.0200,85.2000,82.9900,4863346
2021-04-07,86.0700,82.5000,84.6300,86.0700,5590181
2021-04-08,87.3000,84.8000,86.0800,86.0000,4385392
2021-04-09,87.4900,85.1100,87.2100,86.8800,4185413
2021-04-12,88.7700,83.1000,86.9300,83.5000,4704721
2021-04-13,87.2000,83.5000,84.4500,86.3900,3800088
2021-04-14,87.8000,85.6100,87.3400,87.4900,4299319
2021-04-15,89.8000,87.3000,87.5500,89.0000,4081449
2021-04-16,91.5800,88.6300,89.0000,91.1900,3548078
2021-04-19,93.2900,89.1600,91.6000,90.8800,4222851
2021-04-20,92.1800,90.1000,90.3600,91.5000,2635310
2021-04-21,93.0000,90.5600,91.4700,92.5300,2668250
2021-04-22,93.0000,90.5100,92.4800,91.4200,3576090
2021-04-23,92.4500,90.0600,90.7200,92.1700,3012069
2021-04-26,93.5800,88.9900,92.4800,89.3500,4578259
2021-04-27,92.4800,89.3500,89.4100,90.8900,2806985
2021-04-28,92.8900,90.6500,91.9000,92.0100,2351554
2021-04-29,92.9700,88.9800,91.2000,91.7500,3488361
2021-04-30,92.6400,90.3000,91.7500,91.4000,2176184
2021-05-06,91.3900,88.0300,89.1200,89.2700,2488817
2021-05-07,90.5000,86.9700,88.8000,86.9700,2032003
2021-05-10,87.9000,85.1500,86.9700,87.4500,2138789
2021-05-11,88.8700,86.3800,87.4500,87.2700,1978759
2021-05-12,87.8500,85.7100,86.8000,86.6000,1917229
2021-05-13,88.1200,85.1000,85.7100,87.5900,1473489
2021-05-14,89.8900,86.2300,87.5900,87.9700,2128026
2021-05-17,92.8900,87.5700,87.9700,92.2200,4101692
2021-05-18,92.2200,88.9000,92.0000,91.3900,2911154
2021-05-19,91.2500,89.0000,91.2500,90.3400,1824629
2021-05-20,91.7300,89.4000,90.0800,91.2000,2259080
2021-05-21,92.3000,88.5000,91.5200,90.0200,2488893
2021-05-24,91.5500,88.7600,91.5000,91.1000,2422129
2021-05-25,93.0000,90.0000,91.0000,92.9700,3787491
2021-05-26,93.8000,89.0000,93.7000,89.1000,4988893
2021-05-27,89.7900,84.4200,88.8500,88.3300,6026230
2021-05-28,88.5800,84.4500,87.9000,85.0000,5243761
2021-05-31,85.3800,82.3800,84.1000,84.2600,4708930
2021-06-01,86.5800,84.1100,85.2000,85.7800,5084059
2021-06-02,86.6500,84.6000,86.0400,85.5500,2703263
2021-06-03,86.3700,84.4000,84.8400,85.1000,2225080
2021-06-04,87.3000,84.6600,85.5500,86.0600,2546161
2021-06-07,86.9600,84.0700,85.4200,86.5900,3047008
2021-06-08,87.4400,83.1800,86.2200,83.3000,4101543
2021-06-09,84.4900,82.8300,83.1300,83.2100,1817016
2021-06-10,84.6300,82.8800,83.5600,83.7500,2848288
2021-06-11,84.2800,81.7100,84.0000,82.2500,3126882
2021-06-15,83.1800,81.1000,81.9800,81.9000,2416544
2021-06-16,82.1900,79.4000,81.9000,80.5000,2800216
2021-06-17,82.2000,80.0500,80.4200,80.7000,2078218
2021-06-18,81.4000,79.8000,80.0100,80.5600,1552480
2021-06-21,81.8500,79.3500,80.4800,81.5100,4224727
2021-06-22,84.3700,80.6000,81.4900,83.8000,3532252
2021-06-23,85.2000,82.5000,82.9500,84.7000,3145071
2021-06-24,84.9900,81.5000,84.9900,83.0400,3344609
2021-06-25,85.2200,82.3000,83.0500,84.3600,2835804
2021-06-28,84.8500,81.5800,84.3600,82.3700,2893234
2021-06-29,84.2000,81.7900,81.9200,83.7000,3226437
2021-06-30,85.0000,83.0200,83.9500,84.5600,2982080
2021-07-01,84.9000,82.5500,84.4700,82.9800,2083532
2021-07-02,87.9800,84.6900,85.3600,86.4500,5961220
2021-07-05,88.4500,85.3600,86.4500,85.5800,5537234
2021-07-06,85.3000,79.0000,85.0300,81.2600,7101003
2021-07-07,85.4100,79.9400,80.3300,84.2900,4695517
2021-07-08,84.7000,80.2100,83.0800,80.6200,4392614
2021-07-09,80.9600,78.0000,80.1600,79.5200,5396432
2021-07-12,82.8400,78.1000,79.5500,82.6000,4361215
2021-07-13,84.4300,81.6500,81.8800,83.9500,3801655
2021-07-14,84.9500,82.5300,83.4800,84.4100,2777700
2021-07-15,84.9800,82.7500,84.4000,83.3000,2619159
2021-07-16,84.5000,81.0000,84.5000,81.2100,3554230
2021-07-19,82.1800,79.6900,81.2100,80.6800,4486711
2021-07-20,81.5800,80.1000,80.9000,81.2200,2711158
2021-07-21,81.9000,76.8000,81.4300,77.2300,8053626
2021-07-22,77.2000,74.1100,76.8300,76.1000,7063028
2021-07-23,75.9000,73.0800,75.9000,73.2600,5936434
2021-07-26,73.1700,70.6000,71.5200,72.5900,4714999
2021-07-27,73.5300,68.3800,72.5000,68.9400,4379276
2021-07-28,72.2900,67.5000,68.8400,71.7900,5911201
2021-07-29,74.7700,71.8300,71.8300,73.5500,4047675
2021-07-30,72.9000,69.0000,72.4600,70.6000,6950760
2021-08-02,75.2500,69.3400,70.2100,75.0000,5843856
2021-08-03,79.0000,73.1500,74.8100,78.3400,5578825
2021-08-04,79.5700,76.2800,77.5000,76.7700,3973940
2021-08-05,77.1000,74.5000,76.8800,76.7200,2569359
2021-08-06,76.0000,73.9000,76.0000,74.4700,2229555
2021-08-09,77.7000,73.5200,74.0000,76.3000,3188184
2021-08-10,78.4000,74.5700,76.3000,77.5800,3608356
2021-08-11,77.3400,75.5000,76.7700,76.0000,2316768
2021-08-12,77.6800,74.4000,75.3000,74.8200,1947143
2021-08-13,76.0000,73.6000,74.0000,75.6500,2739459
2021-08-16,76.5000,74.5500,75.2800,75.0100,1452164
2021-08-17,75.4400,72.1000,75.3000,73.2800,2528395
2021-08-18,73.3900,71.5000,72.5900,72.1800,2442649
2021-08-19,73.9700,71.8400,72.3400,73.3000,1842291
2021-08-20,72.9500,69.8800,72.9500,71.2300,4331510
2021-08-23,74.9400,70.0300,71.2500,73.7800,3151785
2021-08-24,74.7000,72.6500,73.8700,73.6700,2837709
2021-08-25,74.4200,72.8000,73.6800,73.3300,3113429
2021-08-26,73.6600,71.6200,73.6600,71.8900,2466121
2021-08-27,73.2400,69.8000,72.5300,70.3000,4631743
2021-08-30,71.0000,68.8600,70.9500,70.4700,4305947
2021-08-31,70.9000,67.6000,69.8600,68.9100,7334265
2021-09-01,72.3000,67.8000,69.9000,71.8100,5592271
2021-09-02,71.3200,67.9200,70.8000,67.9400,5818223
2021-09-03,67.8900,63.5500,67.8900,66.2700,6457368
2021-09-06,70.5000,64.1700,65.1400,69.5000,6359157
2021-09-07,70.0200,66.7200,70.0000,67.3000,4188665
2021-09-08,67.9500,65.5400,67.1000,66.1700,3497024
2021-09-09,66.6600,64.1500,66.2900,64.6100,3118591
2021-09-10,65.0000,63.7100,64.9900,63.8800,3129334
2021-09-13,64.8800,62.9000,63.8000,63.7800,2966219
2021-09-14,65.1200,63.2100,63.2400,64.2300,2815976
2021-09-15,64.1000,62.0100,64.1000,63.0000,3592563
2021-09-16,64.2600,62.1000,62.7800,63.3000,3361496
2021-09-17,64.7900,62.3500,63.2000,64.5800,2907591
2021-09-22,65.9300,63.1600,63.6000,65.4200,2397818
2021-09-23,65.9500,63.4200,65.5300,63.6600,2961198
2021-09-24,66.6600,63.4000,63.6500,65.7000,4785850
2021-09-27,70.0600,64.8100,65.6100,68.4700,5583510
2021-09-28,68.6800,64.7600,68.5000,65.6000,3730232
2021-09-29,67.5000,63.6600,64.8500,66.5500,3607197
2021-09-30,68.2400,65.8500,66.6000,67.9800,2806921
